[157.63953371420595, 178.49240689746622, 83.91040209272614, 83.11195495475434, 78.7611734415679, 165.45724766558408, 104.32138125257481, 7.736293895727195, 301.52807123852625, 200.32355615487603, 231.2259706556804, 66.92625572209838, 357.31562838338346, 309.58075036630436, 43.52038553009031, 119.77026672964648, 259.7343867299766, 256.0290370903007, 337.11861124780546, 151.95851998610948, 298.8128495787577, 241.31000390906556, 109.21266393585034, 211.5290182116814, 317.6924402994688, 304.6310706341926, 181.90217540865615, 212.0408128737186]
(111372.65544554553,)
[157.63953371420595, 178.49240689746622, 83.91040209272614, 83.11195495475434, 78.7611734415679, 165.45724766558408, 104.32138125257481, 7.736293895727195, 301.52807123852625, 200.32355615487603, 231.2259706556804, 66.92625572209838, 357.31562838338346, 309.58075036630436, 43.52038553009031, 119.77026672964648, 259.7343867299766, 256.0290370903007, 337.11861124780546, 151.95851998610948, 298.8128495787577, 241.31000390906556, 109.21266393585034, 211.5290182116814, 317.6924402994688, 304.6310706341926, 181.90217540865615, 212.0408128737186]
(111372.65544554553,)
[157.63953371420595, 178.49240689746622, 83.91040209272614, 83.11195495475434, 78.7611734415679, 165.45724766558408, 104.32138125257481, 7.736293895727195, 301.52807123852625, 200.32355615487603, 231.2259706556804, 66.92625572209838, 357.31562838338346, 309.58075036630436, 43.52038553009031, 119.77026672964648, 259.7343867299766, 256.0290370903007, 337.11861124780546, 151.95851998610948, 298.8128495787577, 241.31000390906556, 109.21266393585034, 211.5290182116814, 317.6924402994688, 304.6310706341926, 181.90217540865615, 212.0408128737186]
(111372.65544554553,)
[157.63953371420595, 178.49240689746622, 83.91040209272614, 83.11195495475434, 78.7611734415679, 165.45724766558408, 104.32138125257481, 7.736293895727195, 301.52807123852625, 200.32355615487603, 231.2259706556804, 66.92625572209838, 357.31562838338346, 309.58075036630436, 43.52038553009031, 119.77026672964648, 259.7343867299766, 256.0290370903007, 337.11861124780546, 151.95851998610948, 298.8128495787577, 241.31000390906556, 109.21266393585034, 211.5290182116814, 317.6924402994688, 304.6310706341926, 181.90217540865615, 212.0408128737186]
(111372.65544554553,)
[19.448941876455258, 234.64413936363255, 35.02733374958862, 139.52180243604673, 159.619490675471, 65.51535435774466, 239.77060252398923, 144.95646678297092, 91.16738920327623, 69.81049493601752, 351.2215820890111, 142.15761451324818, 129.29774108120947, 328.5528999981888, 0.8013539673121954, 62.46835248979144, 215.23898347007142, 64.94574275529999, 279.2593932891067, 208.47775436606244, 287.4923256175594, 324.7848550384866, 334.082244917979, 246.76861560449817, 305.9212973329432, 158.9750978403302, 319.9861507757842, 36.59106388537162]
(111366.62610918893,)
[275.80996663592254, 349.38080833026135, 177.10688835807372, 58.981113671570085, 83.8851629449462, 10.131522531476591, 289.16433797975066, 147.7958927769875, 351.0838655754181, 105.23295433414214, 91.82434531515855, 30.163487685449624, 51.95354408245731, 70.53550073963717, 15.27952570175746, 5.073225909279464, 16.324443299240265, 143.37150981909315, 110.83770388868447, 193.48274983028227, 223.466206556011, 328.42877012097193, 308.243125950746, 61.607406435377996, 182.7027609140396, 257.74045180646203, 131.49073319028915, 294.6476745738237]
(111178.49384093328,)
[327.91792062827346, 127.72180690365425, 127.79152172945669, 118.58243219774634, 356.5430783063438, 57.974874637154166, 82.60515460010575, 339.2503668469509, 131.59290808530466, 312.3589453155066, 115.87650636655793, 310.8934637705169, 92.77481537905614, 248.73587847428345, 352.641565305414, 187.5429172614066, 38.590959399464765, 122.1900206463394, 323.48029445636746, 281.34702518804085, 0.6613642720887869, 112.38692681866027, 279.54957817114376, 252.4841539920856, 358.5891043539289, 323.3467051020019, 287.36000543690466, 174.73351188187064]
(111028.92159148032,)
[120.29406804220929, 173.13122303544387, 149.596315520899, 25.736667918754762, 22.65521404775494, 353.8370829315566, 82.5783995134154, 149.79627814253115, 64.88160853869039, 320.4755500020353, 112.70463715865714, 300.3106726280362, 90.86384261380607, 110.2368779686459, 175.53029291142224, 191.37004772252465, 106.02538390791376, 228.13357461006942, 17.495778811648798, 155.31843986379695, 333.79671052596984, 78.26576545978241, 128.3261805514433, 235.4921115848389, 203.59492196063988, 207.37135634772216, 219.07897600625267, 244.5166620704587]
(110838.02083289155,)
[120.29406804220929, 173.13122303544387, 149.596315520899, 25.736667918754762, 22.65521404775494, 353.8370829315566, 82.5783995134154, 149.79627814253115, 64.88160853869039, 320.4755500020353, 112.70463715865714, 300.3106726280362, 90.86384261380607, 110.2368779686459, 175.53029291142224, 191.37004772252465, 106.02538390791376, 228.13357461006942, 17.495778811648798, 155.31843986379695, 333.79671052596984, 78.26576545978241, 128.3261805514433, 235.4921115848389, 203.59492196063988, 207.37135634772216, 219.07897600625267, 244.5166620704587]
(110838.02083289155,)
[19.448941876455258, 216.82771194621233, 35.02733374958862, 123.63123351912202, 159.619490675471, 65.51535435774466, 239.77060252398923, 144.95646678297092, 91.16738920327623, 69.81049493601752, 351.2215820890111, 142.15761451324818, 126.2221881505033, 345.2803263069128, 0.8013539673121954, 62.46835248979144, 215.23898347007142, 64.94574275529999, 279.2593932891067, 208.47775436606244, 287.4923256175594, 324.7848550384866, 334.082244917979, 199.20382180542745, 305.9212973329432, 158.9750978403302, 319.9861507757842, 36.59106388537162]
(110821.39933809865,)
[19.448941876455258, 216.82771194621233, 35.02733374958862, 123.63123351912202, 159.619490675471, 65.51535435774466, 239.77060252398923, 144.95646678297092, 91.16738920327623, 69.81049493601752, 351.2215820890111, 142.15761451324818, 126.2221881505033, 345.2803263069128, 0.8013539673121954, 62.46835248979144, 215.23898347007142, 64.94574275529999, 279.2593932891067, 208.47775436606244, 287.4923256175594, 324.7848550384866, 334.082244917979, 199.20382180542745, 305.9212973329432, 158.9750978403302, 319.9861507757842, 36.59106388537162]
(110821.39933809865,)
[349.63471015066125, 137.6471926152628, 288.97615108812846, 99.04117322802603, 59.31151872597856, 117.16821966861502, 45.47882694054329, 327.19851356497367, 345.3926688158918, 42.907223666114945, 118.91827547258293, 146.96067517508993, 42.5124111606441, 106.37118533225411, 89.35789358903331, 180.64552250274102, 1.4432241434565363, 68.34193341591012, 220.6546953917782, 7.572482310913653, 69.17847601502652, 162.85544920002656, 39.875856445834444, 74.37809364666647, 102.52138088217197, 195.24219507098948, 263.6174645122567, 332.8236539942769]
(110557.95769148403,)
[219.08355731048113, 46.70097459212391, 151.0380130366836, 352.26123391345504, 24.590101231399405, 45.52232322497244, 22.24702590896815, 90.59745029483653, 29.181283472031495, 66.61702722225326, 3.2264239531397054, 106.02945264616024, 81.8978257103467, 25.460013022973374, 233.7300056999149, 198.25536418762036, 72.0395241368901, 83.75372878490414, 293.056482797359, 251.83376764661597, 294.5168713197628, 93.54023126657557, 182.28028961111445, 189.97139199432306, 186.832845880104, 39.25613522322138, 119.30578438644889, 120.16708445653799]
(110415.4014651991,)
[219.08355731048113, 46.70097459212391, 151.0380130366836, 352.26123391345504, 24.590101231399405, 45.52232322497244, 22.24702590896815, 90.59745029483653, 29.181283472031495, 66.61702722225326, 3.2264239531397054, 106.02945264616024, 81.8978257103467, 25.460013022973374, 233.7300056999149, 198.25536418762036, 72.0395241368901, 83.75372878490414, 293.056482797359, 251.83376764661597, 294.5168713197628, 93.54023126657557, 182.28028961111445, 189.97139199432306, 186.832845880104, 39.25613522322138, 119.30578438644889, 120.16708445653799]
(110415.4014651991,)
[219.08355731048113, 46.70097459212391, 151.0380130366836, 352.26123391345504, 24.590101231399405, 45.52232322497244, 22.24702590896815, 90.59745029483653, 29.181283472031495, 66.61702722225326, 3.2264239531397054, 106.02945264616024, 81.8978257103467, 25.460013022973374, 233.7300056999149, 198.25536418762036, 72.0395241368901, 83.75372878490414, 293.056482797359, 251.83376764661597, 294.5168713197628, 93.54023126657557, 182.28028961111445, 189.97139199432306, 186.832845880104, 39.25613522322138, 119.30578438644889, 120.16708445653799]
(110415.4014651991,)
[219.08355731048113, 46.70097459212391, 151.0380130366836, 352.26123391345504, 24.590101231399405, 45.52232322497244, 22.24702590896815, 90.59745029483653, 29.181283472031495, 66.61702722225326, 3.2264239531397054, 106.02945264616024, 81.8978257103467, 25.460013022973374, 233.7300056999149, 198.25536418762036, 72.0395241368901, 83.75372878490414, 293.056482797359, 251.83376764661597, 294.5168713197628, 93.54023126657557, 182.28028961111445, 189.97139199432306, 186.832845880104, 39.25613522322138, 119.30578438644889, 120.16708445653799]
(110415.4014651991,)
[219.08355731048113, 46.70097459212391, 151.0380130366836, 352.26123391345504, 24.590101231399405, 45.52232322497244, 22.24702590896815, 90.59745029483653, 29.181283472031495, 66.61702722225326, 3.2264239531397054, 106.02945264616024, 81.8978257103467, 25.460013022973374, 233.7300056999149, 198.25536418762036, 72.0395241368901, 83.75372878490414, 293.056482797359, 251.83376764661597, 294.5168713197628, 93.54023126657557, 182.28028961111445, 189.97139199432306, 186.832845880104, 39.25613522322138, 119.30578438644889, 120.16708445653799]
(110415.4014651991,)
[219.08355731048113, 46.70097459212391, 151.0380130366836, 352.26123391345504, 24.590101231399405, 45.52232322497244, 22.24702590896815, 90.59745029483653, 29.181283472031495, 66.61702722225326, 3.2264239531397054, 106.02945264616024, 81.8978257103467, 25.460013022973374, 233.7300056999149, 198.25536418762036, 72.0395241368901, 83.75372878490414, 293.056482797359, 251.83376764661597, 294.5168713197628, 93.54023126657557, 182.28028961111445, 189.97139199432306, 186.832845880104, 39.25613522322138, 119.30578438644889, 120.16708445653799]
(110415.4014651991,)
[219.08355731048113, 46.70097459212391, 151.0380130366836, 352.26123391345504, 24.590101231399405, 45.52232322497244, 22.24702590896815, 90.59745029483653, 29.181283472031495, 275.25465415090383, 3.2264239531397054, 106.02945264616024, 33.92308225908755, 25.460013022973374, 61.611326975209096, 284.8927991544951, 72.0395241368901, 83.75372878490414, 293.056482797359, 273.78224405277905, 294.5168713197628, 93.54023126657557, 182.28028961111445, 189.97139199432306, 186.832845880104, 39.25613522322138, 168.92244068404577, 120.16708445653799]
(110396.05345101249,)
[219.08355731048113, 46.70097459212391, 151.0380130366836, 352.26123391345504, 24.590101231399405, 45.52232322497244, 22.24702590896815, 90.59745029483653, 29.181283472031495, 275.25465415090383, 3.2264239531397054, 106.02945264616024, 33.92308225908755, 25.460013022973374, 61.611326975209096, 284.8927991544951, 72.0395241368901, 83.75372878490414, 293.056482797359, 273.78224405277905, 294.5168713197628, 93.54023126657557, 182.28028961111445, 189.97139199432306, 186.832845880104, 39.25613522322138, 168.92244068404577, 120.16708445653799]
(110396.05345101249,)
[219.08355731048113, 46.70097459212391, 151.0380130366836, 352.26123391345504, 24.590101231399405, 45.52232322497244, 22.24702590896815, 90.59745029483653, 29.181283472031495, 275.25465415090383, 3.2264239531397054, 106.02945264616024, 33.92308225908755, 25.460013022973374, 61.611326975209096, 284.8927991544951, 72.0395241368901, 83.75372878490414, 293.056482797359, 273.78224405277905, 294.5168713197628, 93.54023126657557, 182.28028961111445, 189.97139199432306, 186.832845880104, 39.25613522322138, 168.92244068404577, 120.16708445653799]
(110396.05345101249,)
[219.08355731048113, 46.70097459212391, 151.0380130366836, 352.26123391345504, 24.590101231399405, 45.52232322497244, 22.24702590896815, 90.59745029483653, 29.181283472031495, 275.25465415090383, 3.2264239531397054, 106.02945264616024, 33.92308225908755, 25.460013022973374, 61.611326975209096, 284.8927991544951, 72.0395241368901, 83.75372878490414, 293.056482797359, 273.78224405277905, 294.5168713197628, 93.54023126657557, 182.28028961111445, 189.97139199432306, 186.832845880104, 39.25613522322138, 168.92244068404577, 120.16708445653799]
(110396.05345101249,)
[219.08355731048113, 46.70097459212391, 151.0380130366836, 352.26123391345504, 24.590101231399405, 45.52232322497244, 22.24702590896815, 90.59745029483653, 29.181283472031495, 275.25465415090383, 3.2264239531397054, 106.02945264616024, 33.92308225908755, 25.460013022973374, 61.611326975209096, 284.8927991544951, 72.0395241368901, 83.75372878490414, 293.056482797359, 273.78224405277905, 294.5168713197628, 93.54023126657557, 182.28028961111445, 189.97139199432306, 186.832845880104, 39.25613522322138, 168.92244068404577, 120.16708445653799]
(110396.05345101249,)
[219.08355731048113, 46.70097459212391, 151.0380130366836, 352.26123391345504, 24.590101231399405, 45.52232322497244, 22.24702590896815, 90.59745029483653, 29.181283472031495, 275.25465415090383, 3.2264239531397054, 106.02945264616024, 33.92308225908755, 25.460013022973374, 61.611326975209096, 284.8927991544951, 72.0395241368901, 83.75372878490414, 293.056482797359, 273.78224405277905, 294.5168713197628, 93.54023126657557, 182.28028961111445, 189.97139199432306, 186.832845880104, 39.25613522322138, 168.92244068404577, 120.16708445653799]
(110396.05345101249,)
[219.08355731048113, 46.70097459212391, 151.0380130366836, 352.26123391345504, 24.590101231399405, 45.52232322497244, 22.24702590896815, 90.59745029483653, 29.181283472031495, 275.25465415090383, 3.2264239531397054, 106.02945264616024, 33.92308225908755, 25.460013022973374, 61.611326975209096, 284.8927991544951, 72.0395241368901, 83.75372878490414, 293.056482797359, 273.78224405277905, 294.5168713197628, 93.54023126657557, 182.28028961111445, 189.97139199432306, 186.832845880104, 39.25613522322138, 168.92244068404577, 120.16708445653799]
(110396.05345101249,)
[157.3597071484518, 349.38080833026135, 177.10688835807372, 58.981113671570085, 83.8851629449462, 10.131522531476591, 346.3820989764583, 334.60968721537745, 151.83355140020797, 105.23295433414214, 352.48517768681637, 349.11077154420303, 51.95354408245731, 30.55676696771304, 72.3075441098712, 247.38426845510494, 264.3871846013237, 359.2725957846627, 110.83770388868447, 3.2589041406725414, 223.466206556011, 328.42877012097193, 308.243125950746, 47.214067387700254, 182.7027609140396, 196.8193110242597, 99.94608082089263, 213.0463884706033]
(110355.4534113437,)
[157.3597071484518, 349.38080833026135, 177.10688835807372, 58.981113671570085, 83.8851629449462, 10.131522531476591, 346.3820989764583, 334.60968721537745, 151.83355140020797, 105.23295433414214, 352.48517768681637, 349.11077154420303, 51.95354408245731, 30.55676696771304, 72.3075441098712, 247.38426845510494, 264.3871846013237, 359.2725957846627, 110.83770388868447, 3.2589041406725414, 223.466206556011, 328.42877012097193, 308.243125950746, 47.214067387700254, 182.7027609140396, 196.8193110242597, 99.94608082089263, 213.0463884706033]
(110355.4534113437,)
[157.3597071484518, 349.38080833026135, 177.10688835807372, 58.981113671570085, 83.8851629449462, 10.131522531476591, 346.3820989764583, 334.60968721537745, 151.83355140020797, 105.23295433414214, 352.48517768681637, 349.11077154420303, 51.95354408245731, 30.55676696771304, 72.3075441098712, 247.38426845510494, 264.3871846013237, 359.2725957846627, 110.83770388868447, 3.2589041406725414, 223.466206556011, 328.42877012097193, 308.243125950746, 47.214067387700254, 182.7027609140396, 196.8193110242597, 99.94608082089263, 213.0463884706033]
(110355.4534113437,)
[219.08355731048113, 46.70097459212391, 151.0380130366836, 352.26123391345504, 24.590101231399405, 45.52232322497244, 22.24702590896815, 359.98432732723586, 29.181283472031495, 275.25465415090383, 176.79775232103134, 106.02945264616024, 33.92308225908755, 25.460013022973374, 61.611326975209096, 284.8927991544951, 72.0395241368901, 83.75372878490414, 117.31673248643463, 273.78224405277905, 294.5168713197628, 93.54023126657557, 96.69284303430642, 189.97139199432306, 186.832845880104, 39.25613522322138, 103.86026386881068, 120.16708445653799]
(110266.63162452339,)
