[327.0943811135144, 205.39606657933268, 137.97229851585496, 102.25708046408133, 38.930115144300494, 290.71767217438094, 138.81419397787758, 105.70109341452462, 103.59912189108555, 46.81028596257996, 273.98363754714785, 350.4671224488194, 49.17384465833072, 6.972104833306947, 206.1281833795637, 112.05052463249046, 244.38079185836074, 128.45475489720454, 190.22182968651967, 245.1172766135729, 159.2331595604744, 161.8387717461332]
(104802.50360270812,)
[327.0943811135144, 205.39606657933268, 137.97229851585496, 102.25708046408133, 38.930115144300494, 290.71767217438094, 138.81419397787758, 105.70109341452462, 103.59912189108555, 46.81028596257996, 273.98363754714785, 350.4671224488194, 49.17384465833072, 6.972104833306947, 206.1281833795637, 112.05052463249046, 244.38079185836074, 128.45475489720454, 190.22182968651967, 245.1172766135729, 159.2331595604744, 161.8387717461332]
(104802.50360270812,)
[327.0943811135144, 205.39606657933268, 137.97229851585496, 102.25708046408133, 38.930115144300494, 290.71767217438094, 138.81419397787758, 105.70109341452462, 103.59912189108555, 46.81028596257996, 273.98363754714785, 350.4671224488194, 49.17384465833072, 6.972104833306947, 206.1281833795637, 112.05052463249046, 244.38079185836074, 128.45475489720454, 190.22182968651967, 245.1172766135729, 159.2331595604744, 161.8387717461332]
(104802.50360270812,)
[327.0943811135144, 205.39606657933268, 137.97229851585496, 102.25708046408133, 38.930115144300494, 290.71767217438094, 138.81419397787758, 105.70109341452462, 103.59912189108555, 46.81028596257996, 273.98363754714785, 350.4671224488194, 49.17384465833072, 6.972104833306947, 206.1281833795637, 112.05052463249046, 244.38079185836074, 128.45475489720454, 190.22182968651967, 245.1172766135729, 159.2331595604744, 161.8387717461332]
(104802.50360270812,)
[129.50328645936062, 273.64411424625376, 81.82711472974184, 72.05786667157675, 320.5637477293742, 326.11560269182513, 94.10336175634494, 300.2601741240878, 8.03895407705022, 53.166473115732344, 339.3488038383157, 81.76068572061567, 6.462995721424441, 133.8919638003674, 237.84369315372123, 300.779302146707, 283.19972965736696, 307.2691386752661, 286.8012701289276, 80.85683042462, 143.0784299848068, 251.49896277821225]
(104521.33800701266,)
[129.50328645936062, 273.64411424625376, 81.82711472974184, 72.05786667157675, 320.5637477293742, 326.11560269182513, 94.10336175634494, 300.2601741240878, 8.03895407705022, 53.166473115732344, 339.3488038383157, 81.76068572061567, 6.462995721424441, 133.8919638003674, 237.84369315372123, 300.779302146707, 283.19972965736696, 307.2691386752661, 286.8012701289276, 80.85683042462, 143.0784299848068, 251.49896277821225]
(104521.33800701266,)
[106.58616230993456, 179.92797200524856, 117.12443575535868, 3.017908629011372, 323.88417706852124, 6.513474110569826, 88.89731801696372, 117.98665383465631, 86.92291312243697, 281.7721352625752, 122.07443322633614, 76.69072669709296, 242.80382510055477, 301.57238525542715, 288.7763228378282, 123.78593332469512, 317.66155288792686, 247.35966557531665, 174.41954014049784, 354.7829627372872, 84.47055655357386, 261.16746704685806]
(104434.24662668686,)
[327.0943811135144, 205.39606657933268, 37.16932010211005, 63.874633272574286, 38.930115144300494, 290.71767217438094, 138.81419397787758, 112.06686305516232, 103.59912189108555, 46.81028596257996, 273.98363754714785, 350.4671224488194, 49.17384465833072, 206.394067393683, 206.1281833795637, 295.72082648146704, 244.38079185836074, 128.45475489720454, 190.22182968651967, 245.1172766135729, 159.2331595604744, 161.8387717461332]
(104348.91866704955,)
[327.0943811135144, 205.39606657933268, 37.16932010211005, 63.874633272574286, 38.930115144300494, 290.71767217438094, 138.81419397787758, 112.06686305516232, 103.59912189108555, 46.81028596257996, 273.98363754714785, 350.4671224488194, 49.17384465833072, 206.394067393683, 206.1281833795637, 295.72082648146704, 244.38079185836074, 128.45475489720454, 190.22182968651967, 245.1172766135729, 159.2331595604744, 161.8387717461332]
(104348.91866704955,)
[267.7831627201636, 306.4932301908233, 90.84891682074073, 3.052894486920783, 316.3384433551848, 13.649951015489009, 51.92333488618941, 58.408031446590996, 68.46058573580746, 61.7461542639787, 97.05332542112909, 350.559085017489, 253.4483312388257, 183.19454858804056, 136.0687803636989, 124.8951184425438, 74.07423262609369, 242.69508512887109, 217.03152151382304, 69.88271219466826, 165.67789362799306, 239.74471018032574]
(104084.47743063944,)
[267.7831627201636, 306.4932301908233, 90.84891682074073, 3.052894486920783, 316.3384433551848, 13.649951015489009, 51.92333488618941, 58.408031446590996, 68.46058573580746, 61.7461542639787, 97.05332542112909, 350.559085017489, 253.4483312388257, 183.19454858804056, 136.0687803636989, 124.8951184425438, 74.07423262609369, 242.69508512887109, 217.03152151382304, 69.88271219466826, 165.67789362799306, 239.74471018032574]
(104084.47743063944,)
[267.7831627201636, 306.4932301908233, 90.84891682074073, 3.052894486920783, 316.3384433551848, 13.649951015489009, 51.92333488618941, 58.408031446590996, 68.46058573580746, 61.7461542639787, 97.05332542112909, 350.559085017489, 253.4483312388257, 183.19454858804056, 136.0687803636989, 124.8951184425438, 74.07423262609369, 242.69508512887109, 217.03152151382304, 69.88271219466826, 165.67789362799306, 239.74471018032574]
(104084.47743063944,)
[267.7831627201636, 306.4932301908233, 90.84891682074073, 3.052894486920783, 316.3384433551848, 13.649951015489009, 51.92333488618941, 58.408031446590996, 68.46058573580746, 61.7461542639787, 97.05332542112909, 350.559085017489, 253.4483312388257, 183.19454858804056, 136.0687803636989, 124.8951184425438, 74.07423262609369, 242.69508512887109, 217.03152151382304, 69.88271219466826, 165.67789362799306, 239.74471018032574]
(104084.47743063944,)
[267.7831627201636, 306.4932301908233, 90.84891682074073, 3.052894486920783, 316.3384433551848, 13.649951015489009, 51.92333488618941, 58.408031446590996, 68.46058573580746, 61.7461542639787, 97.05332542112909, 350.559085017489, 253.4483312388257, 183.19454858804056, 136.0687803636989, 124.8951184425438, 74.07423262609369, 242.69508512887109, 217.03152151382304, 69.88271219466826, 165.67789362799306, 239.74471018032574]
(104084.47743063944,)
[267.7831627201636, 306.4932301908233, 90.84891682074073, 3.052894486920783, 316.3384433551848, 13.649951015489009, 51.92333488618941, 58.408031446590996, 68.46058573580746, 61.7461542639787, 97.05332542112909, 350.559085017489, 253.4483312388257, 183.19454858804056, 136.0687803636989, 124.8951184425438, 74.07423262609369, 242.69508512887109, 217.03152151382304, 69.88271219466826, 165.67789362799306, 239.74471018032574]
(104084.47743063944,)
[267.7831627201636, 306.4932301908233, 90.84891682074073, 3.052894486920783, 316.3384433551848, 13.649951015489009, 51.92333488618941, 58.408031446590996, 68.46058573580746, 61.7461542639787, 97.05332542112909, 350.559085017489, 253.4483312388257, 183.19454858804056, 136.0687803636989, 124.8951184425438, 74.07423262609369, 242.69508512887109, 217.03152151382304, 69.88271219466826, 165.67789362799306, 239.74471018032574]
(104084.47743063944,)
[267.7831627201636, 306.4932301908233, 90.84891682074073, 3.052894486920783, 316.3384433551848, 13.649951015489009, 51.92333488618941, 58.408031446590996, 68.46058573580746, 61.7461542639787, 97.05332542112909, 350.559085017489, 253.4483312388257, 183.19454858804056, 136.0687803636989, 124.8951184425438, 74.07423262609369, 242.69508512887109, 217.03152151382304, 69.88271219466826, 165.67789362799306, 239.74471018032574]
(104084.47743063944,)
[267.7831627201636, 306.4932301908233, 90.84891682074073, 3.052894486920783, 316.3384433551848, 13.649951015489009, 51.92333488618941, 58.408031446590996, 68.46058573580746, 61.7461542639787, 97.05332542112909, 350.559085017489, 253.4483312388257, 183.19454858804056, 136.0687803636989, 124.8951184425438, 74.07423262609369, 242.69508512887109, 217.03152151382304, 69.88271219466826, 165.67789362799306, 239.74471018032574]
(104084.47743063944,)
[267.7831627201636, 306.4932301908233, 90.84891682074073, 3.052894486920783, 316.3384433551848, 13.649951015489009, 51.92333488618941, 58.408031446590996, 68.46058573580746, 61.7461542639787, 97.05332542112909, 350.559085017489, 253.4483312388257, 183.19454858804056, 136.0687803636989, 124.8951184425438, 74.07423262609369, 242.69508512887109, 217.03152151382304, 69.88271219466826, 165.67789362799306, 239.74471018032574]
(104084.47743063944,)
[267.7831627201636, 306.4932301908233, 90.84891682074073, 3.052894486920783, 316.3384433551848, 13.649951015489009, 51.92333488618941, 58.408031446590996, 68.46058573580746, 61.7461542639787, 97.05332542112909, 350.559085017489, 253.4483312388257, 183.19454858804056, 136.0687803636989, 124.8951184425438, 74.07423262609369, 242.69508512887109, 217.03152151382304, 69.88271219466826, 165.67789362799306, 239.74471018032574]
(104084.47743063944,)
[267.7831627201636, 306.4932301908233, 90.84891682074073, 3.052894486920783, 316.3384433551848, 13.649951015489009, 51.92333488618941, 58.408031446590996, 68.46058573580746, 61.7461542639787, 97.05332542112909, 350.559085017489, 253.4483312388257, 183.19454858804056, 136.0687803636989, 124.8951184425438, 74.07423262609369, 242.69508512887109, 217.03152151382304, 69.88271219466826, 165.67789362799306, 239.74471018032574]
(104084.47743063944,)
[267.7831627201636, 306.4932301908233, 90.84891682074073, 3.052894486920783, 316.3384433551848, 13.649951015489009, 51.92333488618941, 58.408031446590996, 68.46058573580746, 61.7461542639787, 97.05332542112909, 350.559085017489, 253.4483312388257, 183.19454858804056, 136.0687803636989, 124.8951184425438, 74.07423262609369, 242.69508512887109, 217.03152151382304, 69.88271219466826, 165.67789362799306, 239.74471018032574]
(104084.47743063944,)
[267.7831627201636, 306.4932301908233, 90.84891682074073, 3.052894486920783, 316.3384433551848, 13.649951015489009, 51.92333488618941, 58.408031446590996, 68.46058573580746, 61.7461542639787, 97.05332542112909, 350.559085017489, 253.4483312388257, 183.19454858804056, 136.0687803636989, 124.8951184425438, 74.07423262609369, 242.69508512887109, 217.03152151382304, 69.88271219466826, 165.67789362799306, 239.74471018032574]
(104084.47743063944,)
[267.7831627201636, 306.4932301908233, 90.84891682074073, 3.052894486920783, 316.3384433551848, 13.649951015489009, 51.92333488618941, 58.408031446590996, 68.46058573580746, 61.7461542639787, 97.05332542112909, 350.559085017489, 253.4483312388257, 183.19454858804056, 136.0687803636989, 124.8951184425438, 74.07423262609369, 242.69508512887109, 217.03152151382304, 69.88271219466826, 165.67789362799306, 239.74471018032574]
(104084.47743063944,)
[267.7831627201636, 306.4932301908233, 90.84891682074073, 3.052894486920783, 39.686319793039786, 13.649951015489009, 51.92333488618941, 79.56451254175484, 68.46058573580746, 61.7461542639787, 97.05332542112909, 350.559085017489, 253.4483312388257, 61.870269115226634, 136.0687803636989, 19.620587496590133, 74.07423262609369, 353.0168348650442, 217.03152151382304, 69.88271219466826, 165.67789362799306, 239.74471018032574]
(104010.47411909787,)
[267.7831627201636, 306.4932301908233, 90.84891682074073, 3.052894486920783, 39.686319793039786, 13.649951015489009, 51.92333488618941, 79.56451254175484, 68.46058573580746, 61.7461542639787, 97.05332542112909, 350.559085017489, 253.4483312388257, 61.870269115226634, 136.0687803636989, 19.620587496590133, 74.07423262609369, 353.0168348650442, 217.03152151382304, 69.88271219466826, 165.67789362799306, 239.74471018032574]
(104010.47411909787,)
[267.7831627201636, 306.4932301908233, 90.84891682074073, 3.052894486920783, 39.686319793039786, 13.649951015489009, 51.92333488618941, 79.56451254175484, 68.46058573580746, 61.7461542639787, 97.05332542112909, 350.559085017489, 253.4483312388257, 61.870269115226634, 136.0687803636989, 19.620587496590133, 74.07423262609369, 353.0168348650442, 217.03152151382304, 69.88271219466826, 165.67789362799306, 239.74471018032574]
(104010.47411909787,)
[267.7831627201636, 306.4932301908233, 90.84891682074073, 3.052894486920783, 39.686319793039786, 13.649951015489009, 51.92333488618941, 79.56451254175484, 68.46058573580746, 61.7461542639787, 97.05332542112909, 350.559085017489, 253.4483312388257, 61.870269115226634, 136.0687803636989, 19.620587496590133, 74.07423262609369, 353.0168348650442, 217.03152151382304, 69.88271219466826, 165.67789362799306, 239.74471018032574]
(104010.47411909787,)
[267.7831627201636, 306.4932301908233, 90.84891682074073, 3.052894486920783, 39.686319793039786, 13.649951015489009, 51.92333488618941, 79.56451254175484, 68.46058573580746, 61.7461542639787, 97.05332542112909, 350.559085017489, 253.4483312388257, 61.870269115226634, 136.0687803636989, 19.620587496590133, 74.07423262609369, 353.0168348650442, 217.03152151382304, 69.88271219466826, 165.67789362799306, 239.74471018032574]
(104010.47411909787,)
