[338.9014799751647, 283.70623772154755, 84.69978939664522, 92.28275091229563, 344.495374397434, 11.84934827244657, 353.48596422191525, 81.32248799193185, 277.81653817394005, 169.1448072712231, 67.43931579666382, 132.70658758009057, 150.18742608619178, 302.01357567777166, 281.0274186163107, 147.66772712319954, 227.54783167234478, 330.3344819451484, 225.53516927787675, 98.48142811891752, 300.53052154921596, 49.631593251319515, 260.5333014450466, 132.57672165828987, 219.14377562552093, 167.61009462203242, 177.89335515560867, 129.57851926028343]
(111438.20121691727,)
[338.9014799751647, 283.70623772154755, 84.69978939664522, 92.28275091229563, 344.495374397434, 11.84934827244657, 353.48596422191525, 81.32248799193185, 277.81653817394005, 169.1448072712231, 67.43931579666382, 132.70658758009057, 150.18742608619178, 302.01357567777166, 281.0274186163107, 147.66772712319954, 227.54783167234478, 330.3344819451484, 225.53516927787675, 98.48142811891752, 300.53052154921596, 49.631593251319515, 260.5333014450466, 132.57672165828987, 219.14377562552093, 167.61009462203242, 177.89335515560867, 129.57851926028343]
(111438.20121691727,)
[338.9014799751647, 283.70623772154755, 84.69978939664522, 92.28275091229563, 344.495374397434, 11.84934827244657, 353.48596422191525, 81.32248799193185, 277.81653817394005, 169.1448072712231, 67.43931579666382, 132.70658758009057, 150.18742608619178, 302.01357567777166, 281.0274186163107, 147.66772712319954, 227.54783167234478, 330.3344819451484, 225.53516927787675, 98.48142811891752, 300.53052154921596, 49.631593251319515, 260.5333014450466, 132.57672165828987, 219.14377562552093, 167.61009462203242, 177.89335515560867, 129.57851926028343]
(111438.20121691727,)
[338.9014799751647, 283.70623772154755, 84.69978939664522, 92.28275091229563, 344.495374397434, 11.84934827244657, 353.48596422191525, 81.32248799193185, 277.81653817394005, 169.1448072712231, 67.43931579666382, 132.70658758009057, 150.18742608619178, 302.01357567777166, 281.0274186163107, 147.66772712319954, 227.54783167234478, 330.3344819451484, 225.53516927787675, 98.48142811891752, 300.53052154921596, 49.631593251319515, 260.5333014450466, 132.57672165828987, 219.14377562552093, 167.61009462203242, 177.89335515560867, 129.57851926028343]
(111438.20121691727,)
[67.92758058362372, 320.1953203186728, 137.37289779692878, 345.4965323000861, 118.53350948045829, 45.27791875329482, 351.56587085955834, 167.63002488599892, 203.200634744729, 118.19638837310096, 349.96907603191937, 26.2873145057402, 18.87289300155112, 31.254392014943036, 357.31037755543673, 146.39847530186626, 269.5845463574377, 77.82802671472898, 214.90203465533574, 141.51443987057056, 186.4267245746387, 190.45389326356832, 135.22587055120448, 258.31371259358014, 0.18751404679153438, 4.754303306874299, 31.25900392087788, 27.87669078402044]
(110874.07164489072,)
[67.92758058362372, 320.1953203186728, 137.37289779692878, 345.4965323000861, 118.53350948045829, 45.27791875329482, 351.56587085955834, 167.63002488599892, 203.200634744729, 118.19638837310096, 349.96907603191937, 26.2873145057402, 18.87289300155112, 31.254392014943036, 357.31037755543673, 146.39847530186626, 269.5845463574377, 77.82802671472898, 214.90203465533574, 141.51443987057056, 186.4267245746387, 190.45389326356832, 135.22587055120448, 258.31371259358014, 0.18751404679153438, 4.754303306874299, 31.25900392087788, 27.87669078402044]
(110874.07164489072,)
[298.4963561045836, 12.493103359066335, 120.60876658943516, 328.09286563181496, 169.40599428527057, 139.63941015939156, 22.63453277508269, 324.5665442969787, 10.23810128987401, 19.527430678743215, 332.53987638963844, 322.86118109035897, 123.4664399393423, 23.26496311350004, 185.28484747971257, 62.584695396094, 263.51480409621433, 190.41138909204244, 68.93694554034076, 1.8183552483133258, 268.7004683559288, 124.94654274193827, 29.762219976921436, 100.01022195222177, 250.909846063011, 139.66274494734472, 239.99205084386176, 230.7645257522122]
(110833.67581989328,)
[298.4963561045836, 12.493103359066335, 120.60876658943516, 328.09286563181496, 169.40599428527057, 139.63941015939156, 22.63453277508269, 324.5665442969787, 10.23810128987401, 19.527430678743215, 332.53987638963844, 322.86118109035897, 123.4664399393423, 23.26496311350004, 185.28484747971257, 62.584695396094, 263.51480409621433, 190.41138909204244, 68.93694554034076, 1.8183552483133258, 268.7004683559288, 124.94654274193827, 29.762219976921436, 100.01022195222177, 250.909846063011, 139.66274494734472, 239.99205084386176, 230.7645257522122]
(110833.67581989328,)
[298.4963561045836, 12.493103359066335, 120.60876658943516, 328.09286563181496, 169.40599428527057, 139.63941015939156, 22.63453277508269, 324.5665442969787, 10.23810128987401, 19.527430678743215, 332.53987638963844, 322.86118109035897, 123.4664399393423, 23.26496311350004, 185.28484747971257, 62.584695396094, 263.51480409621433, 190.41138909204244, 68.93694554034076, 1.8183552483133258, 268.7004683559288, 124.94654274193827, 29.762219976921436, 100.01022195222177, 250.909846063011, 139.66274494734472, 239.99205084386176, 230.7645257522122]
(110833.67581989328,)
[298.4963561045836, 12.493103359066335, 120.60876658943516, 328.09286563181496, 169.40599428527057, 139.63941015939156, 22.63453277508269, 324.5665442969787, 10.23810128987401, 19.527430678743215, 332.53987638963844, 322.86118109035897, 123.4664399393423, 23.26496311350004, 185.28484747971257, 62.584695396094, 263.51480409621433, 190.41138909204244, 68.93694554034076, 1.8183552483133258, 268.7004683559288, 124.94654274193827, 29.762219976921436, 100.01022195222177, 250.909846063011, 139.66274494734472, 239.99205084386176, 230.7645257522122]
(110833.67581989328,)
[298.4963561045836, 12.493103359066335, 120.60876658943516, 328.09286563181496, 169.40599428527057, 139.63941015939156, 22.63453277508269, 324.5665442969787, 10.23810128987401, 19.527430678743215, 332.53987638963844, 322.86118109035897, 123.4664399393423, 23.26496311350004, 185.28484747971257, 62.584695396094, 263.51480409621433, 190.41138909204244, 68.93694554034076, 1.8183552483133258, 268.7004683559288, 124.94654274193827, 29.762219976921436, 100.01022195222177, 250.909846063011, 139.66274494734472, 239.99205084386176, 230.7645257522122]
(110833.67581989328,)
[298.4963561045836, 12.493103359066335, 120.60876658943516, 328.09286563181496, 169.40599428527057, 139.63941015939156, 22.63453277508269, 324.5665442969787, 10.23810128987401, 19.527430678743215, 332.53987638963844, 322.86118109035897, 123.4664399393423, 23.26496311350004, 185.28484747971257, 62.584695396094, 263.51480409621433, 190.41138909204244, 68.93694554034076, 1.8183552483133258, 268.7004683559288, 124.94654274193827, 29.762219976921436, 100.01022195222177, 250.909846063011, 139.66274494734472, 239.99205084386176, 230.7645257522122]
(110833.67581989328,)
[298.4963561045836, 12.493103359066335, 120.60876658943516, 328.09286563181496, 169.40599428527057, 139.63941015939156, 22.63453277508269, 324.5665442969787, 10.23810128987401, 19.527430678743215, 332.53987638963844, 322.86118109035897, 123.4664399393423, 23.26496311350004, 185.28484747971257, 62.584695396094, 263.51480409621433, 190.41138909204244, 68.93694554034076, 1.8183552483133258, 268.7004683559288, 124.94654274193827, 29.762219976921436, 100.01022195222177, 250.909846063011, 139.66274494734472, 239.99205084386176, 230.7645257522122]
(110833.67581989328,)
[298.4963561045836, 12.493103359066335, 120.60876658943516, 328.09286563181496, 169.40599428527057, 139.63941015939156, 22.63453277508269, 324.5665442969787, 10.23810128987401, 19.527430678743215, 332.53987638963844, 322.86118109035897, 123.4664399393423, 23.26496311350004, 185.28484747971257, 62.584695396094, 263.51480409621433, 190.41138909204244, 68.93694554034076, 1.8183552483133258, 268.7004683559288, 124.94654274193827, 29.762219976921436, 100.01022195222177, 250.909846063011, 139.66274494734472, 239.99205084386176, 230.7645257522122]
(110833.67581989328,)
[4.079635079688222, 261.70161248835416, 66.92930471905197, 3.747935894348643, 91.69504146778712, 209.77371429820423, 91.15798268225905, 65.69690405222283, 336.2891469749228, 42.82169302868411, 92.26712824484879, 6.605566094159014, 128.84469415500934, 115.5392462637117, 128.66196292199692, 114.73025531931779, 275.5577189913794, 176.9076681479819, 188.8711869227594, 332.23373329835647, 38.78993374946934, 275.0319532095542, 344.27272891785265, 3.6449179630242803, 243.72683262291542, 33.04851531882068, 196.8968803126787, 203.82309675138407]
(110563.18757671693,)
[4.079635079688222, 261.70161248835416, 66.92930471905197, 3.747935894348643, 91.69504146778712, 209.77371429820423, 91.15798268225905, 65.69690405222283, 336.2891469749228, 42.82169302868411, 92.26712824484879, 6.605566094159014, 128.84469415500934, 115.5392462637117, 128.66196292199692, 114.73025531931779, 275.5577189913794, 176.9076681479819, 188.8711869227594, 332.23373329835647, 38.78993374946934, 275.0319532095542, 344.27272891785265, 3.6449179630242803, 243.72683262291542, 33.04851531882068, 196.8968803126787, 203.82309675138407]
(110563.18757671693,)
[4.079635079688222, 261.70161248835416, 66.92930471905197, 3.747935894348643, 91.69504146778712, 209.77371429820423, 91.15798268225905, 65.69690405222283, 336.2891469749228, 42.82169302868411, 92.26712824484879, 6.605566094159014, 128.84469415500934, 115.5392462637117, 128.66196292199692, 114.73025531931779, 275.5577189913794, 176.9076681479819, 188.8711869227594, 332.23373329835647, 38.78993374946934, 275.0319532095542, 344.27272891785265, 3.6449179630242803, 243.72683262291542, 33.04851531882068, 196.8968803126787, 203.82309675138407]
(110563.18757671693,)
[4.079635079688222, 261.70161248835416, 66.92930471905197, 3.747935894348643, 91.69504146778712, 209.77371429820423, 91.15798268225905, 65.69690405222283, 336.2891469749228, 42.82169302868411, 92.26712824484879, 6.605566094159014, 128.84469415500934, 115.5392462637117, 128.66196292199692, 114.73025531931779, 275.5577189913794, 176.9076681479819, 188.8711869227594, 332.23373329835647, 38.78993374946934, 275.0319532095542, 344.27272891785265, 3.6449179630242803, 243.72683262291542, 33.04851531882068, 196.8968803126787, 203.82309675138407]
(110563.18757671693,)
[4.079635079688222, 261.70161248835416, 66.92930471905197, 3.747935894348643, 91.69504146778712, 209.77371429820423, 91.15798268225905, 65.69690405222283, 336.2891469749228, 42.82169302868411, 92.26712824484879, 6.605566094159014, 128.84469415500934, 115.5392462637117, 128.66196292199692, 114.73025531931779, 275.5577189913794, 176.9076681479819, 188.8711869227594, 332.23373329835647, 38.78993374946934, 275.0319532095542, 344.27272891785265, 3.6449179630242803, 243.72683262291542, 33.04851531882068, 196.8968803126787, 203.82309675138407]
(110563.18757671693,)
[4.079635079688222, 261.70161248835416, 66.92930471905197, 3.747935894348643, 91.69504146778712, 209.77371429820423, 91.15798268225905, 65.69690405222283, 336.2891469749228, 42.82169302868411, 92.26712824484879, 6.605566094159014, 128.84469415500934, 115.5392462637117, 128.66196292199692, 114.73025531931779, 275.5577189913794, 176.9076681479819, 188.8711869227594, 332.23373329835647, 38.78993374946934, 275.0319532095542, 344.27272891785265, 3.6449179630242803, 243.72683262291542, 33.04851531882068, 196.8968803126787, 203.82309675138407]
(110563.18757671693,)
[4.079635079688222, 261.70161248835416, 66.92930471905197, 3.747935894348643, 91.69504146778712, 209.77371429820423, 91.15798268225905, 65.69690405222283, 336.2891469749228, 42.82169302868411, 92.26712824484879, 6.605566094159014, 128.84469415500934, 115.5392462637117, 128.66196292199692, 114.73025531931779, 275.5577189913794, 176.9076681479819, 188.8711869227594, 332.23373329835647, 38.78993374946934, 275.0319532095542, 344.27272891785265, 3.6449179630242803, 243.72683262291542, 33.04851531882068, 196.8968803126787, 203.82309675138407]
(110563.18757671693,)
[4.079635079688222, 261.70161248835416, 66.92930471905197, 3.747935894348643, 91.69504146778712, 209.77371429820423, 91.15798268225905, 65.69690405222283, 336.2891469749228, 42.82169302868411, 92.26712824484879, 6.605566094159014, 128.84469415500934, 115.5392462637117, 128.66196292199692, 114.73025531931779, 275.5577189913794, 176.9076681479819, 188.8711869227594, 332.23373329835647, 38.78993374946934, 275.0319532095542, 344.27272891785265, 3.6449179630242803, 243.72683262291542, 33.04851531882068, 196.8968803126787, 203.82309675138407]
(110563.18757671693,)
[4.079635079688222, 261.70161248835416, 66.92930471905197, 3.747935894348643, 91.69504146778712, 209.77371429820423, 91.15798268225905, 65.69690405222283, 336.2891469749228, 42.82169302868411, 92.26712824484879, 6.605566094159014, 128.84469415500934, 115.5392462637117, 128.66196292199692, 114.73025531931779, 275.5577189913794, 176.9076681479819, 188.8711869227594, 332.23373329835647, 38.78993374946934, 275.0319532095542, 344.27272891785265, 3.6449179630242803, 243.72683262291542, 33.04851531882068, 196.8968803126787, 203.82309675138407]
(110563.18757671693,)
[4.079635079688222, 261.70161248835416, 66.92930471905197, 3.747935894348643, 91.69504146778712, 209.77371429820423, 91.15798268225905, 65.69690405222283, 336.2891469749228, 42.82169302868411, 92.26712824484879, 6.605566094159014, 128.84469415500934, 115.5392462637117, 128.66196292199692, 114.73025531931779, 275.5577189913794, 176.9076681479819, 188.8711869227594, 332.23373329835647, 38.78993374946934, 275.0319532095542, 344.27272891785265, 3.6449179630242803, 243.72683262291542, 33.04851531882068, 196.8968803126787, 203.82309675138407]
(110563.18757671693,)
[4.079635079688222, 261.70161248835416, 66.92930471905197, 3.747935894348643, 91.69504146778712, 209.77371429820423, 91.15798268225905, 65.69690405222283, 336.2891469749228, 42.82169302868411, 92.26712824484879, 6.605566094159014, 128.84469415500934, 115.5392462637117, 128.66196292199692, 114.73025531931779, 275.5577189913794, 176.9076681479819, 188.8711869227594, 332.23373329835647, 38.78993374946934, 275.0319532095542, 344.27272891785265, 3.6449179630242803, 243.72683262291542, 33.04851531882068, 196.8968803126787, 203.82309675138407]
(110563.18757671693,)
[4.079635079688222, 261.70161248835416, 66.92930471905197, 3.747935894348643, 91.69504146778712, 209.77371429820423, 91.15798268225905, 65.69690405222283, 336.2891469749228, 42.82169302868411, 92.26712824484879, 6.605566094159014, 128.84469415500934, 115.5392462637117, 128.66196292199692, 114.73025531931779, 275.5577189913794, 176.9076681479819, 188.8711869227594, 332.23373329835647, 38.78993374946934, 275.0319532095542, 344.27272891785265, 3.6449179630242803, 243.72683262291542, 33.04851531882068, 196.8968803126787, 203.82309675138407]
(110563.18757671693,)
[4.079635079688222, 261.70161248835416, 66.92930471905197, 3.747935894348643, 91.69504146778712, 209.77371429820423, 91.15798268225905, 65.69690405222283, 336.2891469749228, 42.82169302868411, 92.26712824484879, 6.605566094159014, 128.84469415500934, 115.5392462637117, 128.66196292199692, 114.73025531931779, 275.5577189913794, 176.9076681479819, 188.8711869227594, 332.23373329835647, 38.78993374946934, 275.0319532095542, 344.27272891785265, 3.6449179630242803, 243.72683262291542, 33.04851531882068, 196.8968803126787, 203.82309675138407]
(110563.18757671693,)
[4.079635079688222, 261.70161248835416, 66.92930471905197, 3.747935894348643, 91.69504146778712, 209.77371429820423, 91.15798268225905, 65.69690405222283, 336.2891469749228, 42.82169302868411, 92.26712824484879, 6.605566094159014, 128.84469415500934, 115.5392462637117, 128.66196292199692, 114.73025531931779, 275.5577189913794, 176.9076681479819, 188.8711869227594, 332.23373329835647, 38.78993374946934, 275.0319532095542, 344.27272891785265, 3.6449179630242803, 243.72683262291542, 33.04851531882068, 196.8968803126787, 203.82309675138407]
(110563.18757671693,)
[4.079635079688222, 261.70161248835416, 66.92930471905197, 3.747935894348643, 91.69504146778712, 209.77371429820423, 91.15798268225905, 65.69690405222283, 336.2891469749228, 42.82169302868411, 92.26712824484879, 6.605566094159014, 128.84469415500934, 115.5392462637117, 128.66196292199692, 114.73025531931779, 275.5577189913794, 176.9076681479819, 188.8711869227594, 332.23373329835647, 38.78993374946934, 275.0319532095542, 344.27272891785265, 3.6449179630242803, 243.72683262291542, 33.04851531882068, 196.8968803126787, 203.82309675138407]
(110563.18757671693,)
[4.079635079688222, 261.70161248835416, 66.92930471905197, 3.747935894348643, 91.69504146778712, 209.77371429820423, 91.15798268225905, 65.69690405222283, 336.2891469749228, 42.82169302868411, 92.26712824484879, 6.605566094159014, 128.84469415500934, 115.5392462637117, 128.66196292199692, 114.73025531931779, 275.5577189913794, 176.9076681479819, 188.8711869227594, 332.23373329835647, 38.78993374946934, 275.0319532095542, 344.27272891785265, 3.6449179630242803, 243.72683262291542, 33.04851531882068, 196.8968803126787, 203.82309675138407]
(110563.18757671693,)
[4.079635079688222, 261.70161248835416, 66.92930471905197, 3.747935894348643, 91.69504146778712, 209.77371429820423, 91.15798268225905, 65.69690405222283, 336.2891469749228, 42.82169302868411, 92.26712824484879, 6.605566094159014, 128.84469415500934, 115.5392462637117, 128.66196292199692, 114.73025531931779, 275.5577189913794, 176.9076681479819, 188.8711869227594, 332.23373329835647, 38.78993374946934, 275.0319532095542, 344.27272891785265, 3.6449179630242803, 243.72683262291542, 33.04851531882068, 196.8968803126787, 203.82309675138407]
(110563.18757671693,)
[4.079635079688222, 261.70161248835416, 66.92930471905197, 3.747935894348643, 91.69504146778712, 209.77371429820423, 91.15798268225905, 65.69690405222283, 336.2891469749228, 42.82169302868411, 92.26712824484879, 6.605566094159014, 128.84469415500934, 115.5392462637117, 128.66196292199692, 114.73025531931779, 275.5577189913794, 176.9076681479819, 188.8711869227594, 332.23373329835647, 38.78993374946934, 275.0319532095542, 344.27272891785265, 3.6449179630242803, 243.72683262291542, 33.04851531882068, 196.8968803126787, 203.82309675138407]
(110563.18757671693,)
[4.079635079688222, 261.70161248835416, 66.92930471905197, 3.747935894348643, 91.69504146778712, 209.77371429820423, 91.15798268225905, 65.69690405222283, 336.2891469749228, 42.82169302868411, 92.26712824484879, 6.605566094159014, 128.84469415500934, 115.5392462637117, 128.66196292199692, 114.73025531931779, 275.5577189913794, 176.9076681479819, 188.8711869227594, 332.23373329835647, 38.78993374946934, 275.0319532095542, 344.27272891785265, 3.6449179630242803, 243.72683262291542, 33.04851531882068, 196.8968803126787, 203.82309675138407]
(110563.18757671693,)
[4.079635079688222, 261.70161248835416, 66.92930471905197, 3.747935894348643, 91.69504146778712, 209.77371429820423, 91.15798268225905, 65.69690405222283, 336.2891469749228, 42.82169302868411, 92.26712824484879, 6.605566094159014, 128.84469415500934, 115.5392462637117, 128.66196292199692, 114.73025531931779, 275.5577189913794, 176.9076681479819, 188.8711869227594, 332.23373329835647, 38.78993374946934, 275.0319532095542, 344.27272891785265, 3.6449179630242803, 243.72683262291542, 33.04851531882068, 196.8968803126787, 203.82309675138407]
(110563.18757671693,)
[279.2738440871075, 89.46911578034086, 119.71992811365874, 18.97832214320504, 59.926527104994534, 146.07595446110787, 46.15838612955045, 356.98514835208937, 325.28252852399254, 176.3314004707167, 175.33929867232067, 102.85775955404935, 54.90158654718694, 82.3523564495473, 93.21594994603674, 72.441821359665, 122.44119804234958, 295.3492125186201, 308.52026621503336, 102.20212452624632, 351.6670121292233, 321.01981268481325, 58.441809260024314, 128.7126963918651, 95.64003625975171, 333.8169597233844, 302.08080210471536, 180.84391920095447]
(110474.44193555132,)
[279.2738440871075, 89.46911578034086, 119.71992811365874, 18.97832214320504, 59.926527104994534, 146.07595446110787, 46.15838612955045, 356.98514835208937, 325.28252852399254, 176.3314004707167, 175.33929867232067, 102.85775955404935, 54.90158654718694, 82.3523564495473, 93.21594994603674, 72.441821359665, 122.44119804234958, 295.3492125186201, 308.52026621503336, 102.20212452624632, 351.6670121292233, 321.01981268481325, 58.441809260024314, 128.7126963918651, 95.64003625975171, 333.8169597233844, 302.08080210471536, 180.84391920095447]
(110474.44193555132,)
[279.2738440871075, 89.46911578034086, 119.71992811365874, 18.97832214320504, 59.926527104994534, 146.07595446110787, 46.15838612955045, 356.98514835208937, 325.28252852399254, 176.3314004707167, 175.33929867232067, 102.85775955404935, 54.90158654718694, 82.3523564495473, 93.21594994603674, 72.441821359665, 122.44119804234958, 295.3492125186201, 308.52026621503336, 102.20212452624632, 351.6670121292233, 321.01981268481325, 58.441809260024314, 128.7126963918651, 95.64003625975171, 333.8169597233844, 302.08080210471536, 180.84391920095447]
(110474.44193555132,)
[279.2738440871075, 89.46911578034086, 119.71992811365874, 18.97832214320504, 59.926527104994534, 146.07595446110787, 46.15838612955045, 356.98514835208937, 325.28252852399254, 176.3314004707167, 175.33929867232067, 102.85775955404935, 54.90158654718694, 82.3523564495473, 93.21594994603674, 72.441821359665, 122.44119804234958, 295.3492125186201, 308.52026621503336, 102.20212452624632, 351.6670121292233, 321.01981268481325, 58.441809260024314, 128.7126963918651, 95.64003625975171, 333.8169597233844, 302.08080210471536, 180.84391920095447]
(110474.44193555132,)
[279.2738440871075, 89.46911578034086, 119.71992811365874, 18.97832214320504, 59.926527104994534, 146.07595446110787, 46.15838612955045, 356.98514835208937, 325.28252852399254, 176.3314004707167, 175.33929867232067, 102.85775955404935, 54.90158654718694, 82.3523564495473, 93.21594994603674, 72.441821359665, 122.44119804234958, 295.3492125186201, 308.52026621503336, 102.20212452624632, 351.6670121292233, 321.01981268481325, 58.441809260024314, 128.7126963918651, 95.64003625975171, 333.8169597233844, 302.08080210471536, 180.84391920095447]
(110474.44193555132,)
[279.2738440871075, 89.46911578034086, 119.71992811365874, 18.97832214320504, 59.926527104994534, 146.07595446110787, 46.15838612955045, 356.98514835208937, 325.28252852399254, 176.3314004707167, 175.33929867232067, 102.85775955404935, 54.90158654718694, 82.3523564495473, 93.21594994603674, 72.441821359665, 122.44119804234958, 295.3492125186201, 308.52026621503336, 102.20212452624632, 351.6670121292233, 321.01981268481325, 58.441809260024314, 128.7126963918651, 95.64003625975171, 333.8169597233844, 302.08080210471536, 180.84391920095447]
(110474.44193555132,)
[279.2738440871075, 89.46911578034086, 119.71992811365874, 18.97832214320504, 59.926527104994534, 146.07595446110787, 46.15838612955045, 356.98514835208937, 325.28252852399254, 176.3314004707167, 175.33929867232067, 102.85775955404935, 54.90158654718694, 82.3523564495473, 93.21594994603674, 72.441821359665, 122.44119804234958, 295.3492125186201, 308.52026621503336, 102.20212452624632, 351.6670121292233, 321.01981268481325, 58.441809260024314, 128.7126963918651, 95.64003625975171, 333.8169597233844, 302.08080210471536, 180.84391920095447]
(110474.44193555132,)
[279.2738440871075, 89.46911578034086, 119.71992811365874, 18.97832214320504, 59.926527104994534, 146.07595446110787, 46.15838612955045, 356.98514835208937, 325.28252852399254, 176.3314004707167, 175.33929867232067, 102.85775955404935, 54.90158654718694, 82.3523564495473, 93.21594994603674, 72.441821359665, 122.44119804234958, 295.3492125186201, 308.52026621503336, 102.20212452624632, 351.6670121292233, 321.01981268481325, 58.441809260024314, 128.7126963918651, 95.64003625975171, 333.8169597233844, 302.08080210471536, 180.84391920095447]
(110474.44193555132,)
[279.2738440871075, 89.46911578034086, 119.71992811365874, 18.97832214320504, 59.926527104994534, 146.07595446110787, 46.15838612955045, 356.98514835208937, 325.28252852399254, 176.3314004707167, 175.33929867232067, 102.85775955404935, 54.90158654718694, 82.3523564495473, 93.21594994603674, 72.441821359665, 122.44119804234958, 295.3492125186201, 308.52026621503336, 102.20212452624632, 351.6670121292233, 321.01981268481325, 58.441809260024314, 128.7126963918651, 95.64003625975171, 333.8169597233844, 302.08080210471536, 180.84391920095447]
(110474.44193555132,)
[316.3626534975556, 153.0682836396994, 49.667102871466064, 73.99961401722496, 107.34932212609223, 93.00711198834907, 125.49732547447549, 78.5684968199437, 102.84122595895886, 2.7762283925102427, 89.4271133166848, 30.979968973341165, 27.618581011298424, 294.30738784630415, 76.69673832275983, 62.903609670481586, 49.1063608843327, 6.343570996123771, 92.92053123452848, 175.5817545590755, 106.33113329202709, 77.40615904196038, 242.9809553971698, 295.43603289467853, 51.630576566083946, 154.9583499008384, 29.585001565153814, 229.0768130965719]
(110357.19446803081,)
[316.3626534975556, 153.0682836396994, 49.667102871466064, 73.99961401722496, 107.34932212609223, 93.00711198834907, 125.49732547447549, 78.5684968199437, 102.84122595895886, 2.7762283925102427, 89.4271133166848, 30.979968973341165, 27.618581011298424, 294.30738784630415, 76.69673832275983, 62.903609670481586, 49.1063608843327, 6.343570996123771, 92.92053123452848, 175.5817545590755, 106.33113329202709, 77.40615904196038, 242.9809553971698, 295.43603289467853, 51.630576566083946, 154.9583499008384, 29.585001565153814, 229.0768130965719]
(110357.19446803081,)
[316.3626534975556, 153.0682836396994, 49.667102871466064, 73.99961401722496, 107.34932212609223, 93.00711198834907, 125.49732547447549, 78.5684968199437, 102.84122595895886, 2.7762283925102427, 89.4271133166848, 30.979968973341165, 27.618581011298424, 294.30738784630415, 76.69673832275983, 62.903609670481586, 49.1063608843327, 6.343570996123771, 92.92053123452848, 175.5817545590755, 106.33113329202709, 77.40615904196038, 242.9809553971698, 295.43603289467853, 51.630576566083946, 154.9583499008384, 29.585001565153814, 229.0768130965719]
(110357.19446803081,)
[77.46037295627957, 170.81301480340503, 77.70198823551061, 355.1317302838654, 50.72376459960048, 95.82640727328092, 111.25334716361975, 76.95482510845986, 281.1331843511763, 180.21954418307223, 352.2187009194326, 42.28879620433814, 339.700050429026, 23.574028263661504, 28.723136217532307, 174.4605994967422, 97.28680462557958, 26.03854861070669, 297.9961204960239, 120.39291973802145, 80.66532695645178, 167.14349314847766, 234.68930436153644, 100.0729484522003, 72.56692337623122, 177.11109163907562, 185.33790419619115, 338.8258551764998]
(110242.00449150628,)
[77.46037295627957, 170.81301480340503, 77.70198823551061, 355.1317302838654, 50.72376459960048, 95.82640727328092, 111.25334716361975, 76.95482510845986, 281.1331843511763, 180.21954418307223, 352.2187009194326, 42.28879620433814, 339.700050429026, 23.574028263661504, 28.723136217532307, 174.4605994967422, 97.28680462557958, 26.03854861070669, 297.9961204960239, 120.39291973802145, 80.66532695645178, 167.14349314847766, 234.68930436153644, 100.0729484522003, 72.56692337623122, 177.11109163907562, 185.33790419619115, 338.8258551764998]
(110242.00449150628,)
[77.46037295627957, 170.81301480340503, 77.70198823551061, 355.1317302838654, 50.72376459960048, 95.82640727328092, 111.25334716361975, 76.95482510845986, 281.1331843511763, 180.21954418307223, 352.2187009194326, 42.28879620433814, 339.700050429026, 23.574028263661504, 28.723136217532307, 174.4605994967422, 97.28680462557958, 26.03854861070669, 297.9961204960239, 120.39291973802145, 80.66532695645178, 167.14349314847766, 234.68930436153644, 100.0729484522003, 72.56692337623122, 177.11109163907562, 185.33790419619115, 338.8258551764998]
(110242.00449150628,)
[77.46037295627957, 170.81301480340503, 77.70198823551061, 355.1317302838654, 50.72376459960048, 95.82640727328092, 111.25334716361975, 76.95482510845986, 281.1331843511763, 180.21954418307223, 352.2187009194326, 42.28879620433814, 339.700050429026, 23.574028263661504, 28.723136217532307, 174.4605994967422, 97.28680462557958, 26.03854861070669, 297.9961204960239, 120.39291973802145, 80.66532695645178, 167.14349314847766, 234.68930436153644, 100.0729484522003, 72.56692337623122, 177.11109163907562, 185.33790419619115, 338.8258551764998]
(110242.00449150628,)
[77.46037295627957, 170.81301480340503, 77.70198823551061, 355.1317302838654, 50.72376459960048, 95.82640727328092, 111.25334716361975, 76.95482510845986, 281.1331843511763, 180.21954418307223, 352.2187009194326, 42.28879620433814, 339.700050429026, 23.574028263661504, 28.723136217532307, 174.4605994967422, 97.28680462557958, 26.03854861070669, 297.9961204960239, 120.39291973802145, 80.66532695645178, 167.14349314847766, 234.68930436153644, 100.0729484522003, 72.56692337623122, 177.11109163907562, 185.33790419619115, 338.8258551764998]
(110242.00449150628,)
[77.46037295627957, 170.81301480340503, 77.70198823551061, 355.1317302838654, 50.72376459960048, 95.82640727328092, 111.25334716361975, 76.95482510845986, 281.1331843511763, 180.21954418307223, 352.2187009194326, 42.28879620433814, 339.700050429026, 23.574028263661504, 28.723136217532307, 174.4605994967422, 97.28680462557958, 26.03854861070669, 297.9961204960239, 120.39291973802145, 80.66532695645178, 167.14349314847766, 234.68930436153644, 100.0729484522003, 72.56692337623122, 177.11109163907562, 185.33790419619115, 338.8258551764998]
(110242.00449150628,)
[77.46037295627957, 170.81301480340503, 77.70198823551061, 355.1317302838654, 50.72376459960048, 95.82640727328092, 111.25334716361975, 76.95482510845986, 281.1331843511763, 180.21954418307223, 352.2187009194326, 42.28879620433814, 339.700050429026, 23.574028263661504, 28.723136217532307, 174.4605994967422, 97.28680462557958, 26.03854861070669, 297.9961204960239, 120.39291973802145, 80.66532695645178, 167.14349314847766, 234.68930436153644, 100.0729484522003, 72.56692337623122, 177.11109163907562, 185.33790419619115, 338.8258551764998]
(110242.00449150628,)
[77.46037295627957, 170.81301480340503, 77.70198823551061, 355.1317302838654, 50.72376459960048, 95.82640727328092, 111.25334716361975, 76.95482510845986, 281.1331843511763, 180.21954418307223, 352.2187009194326, 42.28879620433814, 339.700050429026, 23.574028263661504, 28.723136217532307, 174.4605994967422, 97.28680462557958, 26.03854861070669, 297.9961204960239, 120.39291973802145, 80.66532695645178, 167.14349314847766, 234.68930436153644, 100.0729484522003, 72.56692337623122, 177.11109163907562, 185.33790419619115, 338.8258551764998]
(110242.00449150628,)
[77.46037295627957, 170.81301480340503, 77.70198823551061, 355.1317302838654, 50.72376459960048, 95.82640727328092, 111.25334716361975, 76.95482510845986, 281.1331843511763, 180.21954418307223, 352.2187009194326, 42.28879620433814, 339.700050429026, 23.574028263661504, 28.723136217532307, 174.4605994967422, 97.28680462557958, 26.03854861070669, 297.9961204960239, 120.39291973802145, 80.66532695645178, 167.14349314847766, 234.68930436153644, 100.0729484522003, 72.56692337623122, 177.11109163907562, 185.33790419619115, 338.8258551764998]
(110242.00449150628,)
[77.46037295627957, 170.81301480340503, 77.70198823551061, 355.1317302838654, 50.72376459960048, 95.82640727328092, 111.25334716361975, 76.95482510845986, 281.1331843511763, 180.21954418307223, 352.2187009194326, 42.28879620433814, 339.700050429026, 23.574028263661504, 28.723136217532307, 174.4605994967422, 97.28680462557958, 26.03854861070669, 297.9961204960239, 120.39291973802145, 80.66532695645178, 167.14349314847766, 234.68930436153644, 100.0729484522003, 72.56692337623122, 177.11109163907562, 185.33790419619115, 338.8258551764998]
(110242.00449150628,)
[77.46037295627957, 170.81301480340503, 77.70198823551061, 355.1317302838654, 50.72376459960048, 95.82640727328092, 111.25334716361975, 76.95482510845986, 281.1331843511763, 180.21954418307223, 352.2187009194326, 42.28879620433814, 339.700050429026, 23.574028263661504, 28.723136217532307, 174.4605994967422, 97.28680462557958, 26.03854861070669, 297.9961204960239, 120.39291973802145, 80.66532695645178, 167.14349314847766, 234.68930436153644, 100.0729484522003, 72.56692337623122, 177.11109163907562, 185.33790419619115, 338.8258551764998]
(110242.00449150628,)
[77.46037295627957, 170.81301480340503, 77.70198823551061, 355.1317302838654, 50.72376459960048, 95.82640727328092, 111.25334716361975, 76.95482510845986, 281.1331843511763, 180.21954418307223, 352.2187009194326, 42.28879620433814, 339.700050429026, 23.574028263661504, 28.723136217532307, 174.4605994967422, 97.28680462557958, 26.03854861070669, 297.9961204960239, 120.39291973802145, 80.66532695645178, 167.14349314847766, 234.68930436153644, 100.0729484522003, 72.56692337623122, 177.11109163907562, 185.33790419619115, 338.8258551764998]
(110242.00449150628,)
[77.46037295627957, 170.81301480340503, 77.70198823551061, 355.1317302838654, 50.72376459960048, 95.82640727328092, 111.25334716361975, 76.95482510845986, 281.1331843511763, 180.21954418307223, 352.2187009194326, 42.28879620433814, 339.700050429026, 23.574028263661504, 28.723136217532307, 174.4605994967422, 97.28680462557958, 26.03854861070669, 297.9961204960239, 120.39291973802145, 80.66532695645178, 167.14349314847766, 234.68930436153644, 100.0729484522003, 72.56692337623122, 177.11109163907562, 185.33790419619115, 338.8258551764998]
(110242.00449150628,)
[77.46037295627957, 170.81301480340503, 77.70198823551061, 355.1317302838654, 50.72376459960048, 95.82640727328092, 111.25334716361975, 76.95482510845986, 281.1331843511763, 180.21954418307223, 352.2187009194326, 42.28879620433814, 339.700050429026, 23.574028263661504, 28.723136217532307, 174.4605994967422, 97.28680462557958, 26.03854861070669, 297.9961204960239, 120.39291973802145, 80.66532695645178, 167.14349314847766, 234.68930436153644, 100.0729484522003, 72.56692337623122, 177.11109163907562, 185.33790419619115, 338.8258551764998]
(110242.00449150628,)
[77.46037295627957, 170.81301480340503, 77.70198823551061, 355.1317302838654, 50.72376459960048, 95.82640727328092, 111.25334716361975, 76.95482510845986, 281.1331843511763, 180.21954418307223, 352.2187009194326, 42.28879620433814, 339.700050429026, 23.574028263661504, 28.723136217532307, 174.4605994967422, 97.28680462557958, 26.03854861070669, 297.9961204960239, 120.39291973802145, 80.66532695645178, 167.14349314847766, 234.68930436153644, 100.0729484522003, 72.56692337623122, 177.11109163907562, 185.33790419619115, 338.8258551764998]
(110242.00449150628,)
[77.46037295627957, 170.81301480340503, 77.70198823551061, 355.1317302838654, 50.72376459960048, 95.82640727328092, 111.25334716361975, 76.95482510845986, 281.1331843511763, 180.21954418307223, 352.2187009194326, 42.28879620433814, 339.700050429026, 23.574028263661504, 28.723136217532307, 174.4605994967422, 97.28680462557958, 26.03854861070669, 297.9961204960239, 120.39291973802145, 80.66532695645178, 167.14349314847766, 234.68930436153644, 100.0729484522003, 72.56692337623122, 177.11109163907562, 185.33790419619115, 338.8258551764998]
(110242.00449150628,)
[77.46037295627957, 170.81301480340503, 77.70198823551061, 355.1317302838654, 50.72376459960048, 95.82640727328092, 111.25334716361975, 76.95482510845986, 281.1331843511763, 180.21954418307223, 352.2187009194326, 42.28879620433814, 339.700050429026, 23.574028263661504, 28.723136217532307, 174.4605994967422, 97.28680462557958, 26.03854861070669, 297.9961204960239, 120.39291973802145, 80.66532695645178, 167.14349314847766, 234.68930436153644, 100.0729484522003, 72.56692337623122, 177.11109163907562, 185.33790419619115, 338.8258551764998]
(110242.00449150628,)
[77.46037295627957, 170.81301480340503, 77.70198823551061, 355.1317302838654, 50.72376459960048, 95.82640727328092, 111.25334716361975, 76.95482510845986, 281.1331843511763, 180.21954418307223, 352.2187009194326, 42.28879620433814, 339.700050429026, 23.574028263661504, 28.723136217532307, 174.4605994967422, 97.28680462557958, 26.03854861070669, 297.9961204960239, 120.39291973802145, 80.66532695645178, 167.14349314847766, 234.68930436153644, 100.0729484522003, 72.56692337623122, 177.11109163907562, 185.33790419619115, 338.8258551764998]
(110242.00449150628,)
[77.46037295627957, 170.81301480340503, 77.70198823551061, 355.1317302838654, 50.72376459960048, 95.82640727328092, 111.25334716361975, 76.95482510845986, 281.1331843511763, 180.21954418307223, 352.2187009194326, 42.28879620433814, 339.700050429026, 23.574028263661504, 28.723136217532307, 174.4605994967422, 97.28680462557958, 26.03854861070669, 297.9961204960239, 120.39291973802145, 80.66532695645178, 167.14349314847766, 234.68930436153644, 100.0729484522003, 72.56692337623122, 177.11109163907562, 185.33790419619115, 338.8258551764998]
(110242.00449150628,)
[77.46037295627957, 170.81301480340503, 77.70198823551061, 355.1317302838654, 50.72376459960048, 95.82640727328092, 111.25334716361975, 76.95482510845986, 281.1331843511763, 180.21954418307223, 352.2187009194326, 42.28879620433814, 339.700050429026, 23.574028263661504, 28.723136217532307, 174.4605994967422, 97.28680462557958, 26.03854861070669, 297.9961204960239, 120.39291973802145, 80.66532695645178, 167.14349314847766, 234.68930436153644, 100.0729484522003, 72.56692337623122, 177.11109163907562, 185.33790419619115, 338.8258551764998]
(110242.00449150628,)
[77.46037295627957, 170.81301480340503, 77.70198823551061, 355.1317302838654, 50.72376459960048, 95.82640727328092, 111.25334716361975, 76.95482510845986, 281.1331843511763, 180.21954418307223, 352.2187009194326, 42.28879620433814, 339.700050429026, 23.574028263661504, 28.723136217532307, 174.4605994967422, 97.28680462557958, 26.03854861070669, 297.9961204960239, 120.39291973802145, 80.66532695645178, 167.14349314847766, 234.68930436153644, 100.0729484522003, 72.56692337623122, 177.11109163907562, 185.33790419619115, 338.8258551764998]
(110242.00449150628,)
[77.46037295627957, 170.81301480340503, 77.70198823551061, 355.1317302838654, 50.72376459960048, 95.82640727328092, 111.25334716361975, 76.95482510845986, 281.1331843511763, 180.21954418307223, 352.2187009194326, 42.28879620433814, 339.700050429026, 23.574028263661504, 28.723136217532307, 174.4605994967422, 97.28680462557958, 26.03854861070669, 297.9961204960239, 120.39291973802145, 80.66532695645178, 167.14349314847766, 234.68930436153644, 100.0729484522003, 72.56692337623122, 177.11109163907562, 185.33790419619115, 338.8258551764998]
(110242.00449150628,)
[77.46037295627957, 170.81301480340503, 77.70198823551061, 355.1317302838654, 50.72376459960048, 95.82640727328092, 111.25334716361975, 76.95482510845986, 281.1331843511763, 180.21954418307223, 352.2187009194326, 42.28879620433814, 339.700050429026, 23.574028263661504, 28.723136217532307, 174.4605994967422, 97.28680462557958, 26.03854861070669, 297.9961204960239, 120.39291973802145, 80.66532695645178, 167.14349314847766, 234.68930436153644, 100.0729484522003, 72.56692337623122, 177.11109163907562, 185.33790419619115, 338.8258551764998]
(110242.00449150628,)
[154.2073404232773, 325.2457383279644, 164.46873742426584, 42.12086934239982, 100.07011976867392, 58.04868343273104, 33.833676387173604, 74.53885973263314, 7.406145300127007, 23.31974183225457, 111.21124704990392, 117.48820432836592, 34.028124333326375, 330.67416917996957, 349.419236568374, 83.10402078229093, 136.0415683591021, 171.1927103882696, 267.5161356836459, 213.66511199458193, 16.5413187396489, 208.80319902970092, 299.9387669526814, 114.0504556629346, 88.53662460144336, 174.0207008231718, 79.54581920111204, 219.76831954324336]
(110225.76003508759,)
[154.2073404232773, 325.2457383279644, 164.46873742426584, 42.12086934239982, 100.07011976867392, 58.04868343273104, 33.833676387173604, 74.53885973263314, 7.406145300127007, 23.31974183225457, 111.21124704990392, 117.48820432836592, 34.028124333326375, 330.67416917996957, 349.419236568374, 83.10402078229093, 136.0415683591021, 171.1927103882696, 267.5161356836459, 213.66511199458193, 16.5413187396489, 208.80319902970092, 299.9387669526814, 114.0504556629346, 88.53662460144336, 174.0207008231718, 79.54581920111204, 219.76831954324336]
(110225.76003508759,)
[154.2073404232773, 325.2457383279644, 164.46873742426584, 42.12086934239982, 100.07011976867392, 58.04868343273104, 33.833676387173604, 74.53885973263314, 7.406145300127007, 23.31974183225457, 111.21124704990392, 117.48820432836592, 34.028124333326375, 330.67416917996957, 349.419236568374, 83.10402078229093, 136.0415683591021, 171.1927103882696, 267.5161356836459, 213.66511199458193, 16.5413187396489, 208.80319902970092, 299.9387669526814, 114.0504556629346, 88.53662460144336, 174.0207008231718, 79.54581920111204, 219.76831954324336]
(110225.76003508759,)
[154.2073404232773, 325.2457383279644, 164.46873742426584, 42.12086934239982, 100.07011976867392, 58.04868343273104, 33.833676387173604, 74.53885973263314, 7.406145300127007, 23.31974183225457, 111.21124704990392, 117.48820432836592, 34.028124333326375, 330.67416917996957, 349.419236568374, 83.10402078229093, 136.0415683591021, 171.1927103882696, 267.5161356836459, 213.66511199458193, 16.5413187396489, 208.80319902970092, 299.9387669526814, 114.0504556629346, 88.53662460144336, 174.0207008231718, 79.54581920111204, 219.76831954324336]
(110225.76003508759,)
[154.2073404232773, 325.2457383279644, 164.46873742426584, 42.12086934239982, 100.07011976867392, 58.04868343273104, 33.833676387173604, 74.53885973263314, 7.406145300127007, 23.31974183225457, 111.21124704990392, 117.48820432836592, 34.028124333326375, 330.67416917996957, 349.419236568374, 83.10402078229093, 136.0415683591021, 171.1927103882696, 267.5161356836459, 213.66511199458193, 16.5413187396489, 208.80319902970092, 299.9387669526814, 114.0504556629346, 88.53662460144336, 174.0207008231718, 79.54581920111204, 219.76831954324336]
(110225.76003508759,)
[154.2073404232773, 325.2457383279644, 164.46873742426584, 42.12086934239982, 100.07011976867392, 58.04868343273104, 33.833676387173604, 74.53885973263314, 7.406145300127007, 23.31974183225457, 111.21124704990392, 117.48820432836592, 34.028124333326375, 330.67416917996957, 349.419236568374, 83.10402078229093, 136.0415683591021, 171.1927103882696, 267.5161356836459, 213.66511199458193, 16.5413187396489, 208.80319902970092, 299.9387669526814, 114.0504556629346, 88.53662460144336, 174.0207008231718, 79.54581920111204, 219.76831954324336]
(110225.76003508759,)
[154.2073404232773, 325.2457383279644, 164.46873742426584, 42.12086934239982, 100.07011976867392, 58.04868343273104, 33.833676387173604, 74.53885973263314, 7.406145300127007, 23.31974183225457, 111.21124704990392, 117.48820432836592, 34.028124333326375, 330.67416917996957, 349.419236568374, 83.10402078229093, 136.0415683591021, 171.1927103882696, 267.5161356836459, 213.66511199458193, 16.5413187396489, 208.80319902970092, 299.9387669526814, 114.0504556629346, 88.53662460144336, 174.0207008231718, 79.54581920111204, 219.76831954324336]
(110225.76003508759,)
[42.86147627407772, 144.3339869325138, 63.299160786648784, 13.531642085477348, 90.35129856585709, 81.6570313500995, 322.1967820752984, 300.13061667081433, 104.49648985025617, 0.6606033740161834, 61.20174827690431, 352.8154708194999, 59.97183737432261, 68.70245851087122, 180.30145542325383, 199.66134051744712, 6.926536026499122, 217.1830124170074, 34.82260109538557, 39.958460383301265, 47.26553545990888, 121.28597151268198, 109.35348833076259, 40.128163459538925, 215.59422423355653, 303.55796980566157, 185.6101844482533, 252.1940264450215]
(110044.38852369544,)
[42.86147627407772, 144.3339869325138, 63.299160786648784, 13.531642085477348, 90.35129856585709, 81.6570313500995, 322.1967820752984, 300.13061667081433, 104.49648985025617, 0.6606033740161834, 61.20174827690431, 352.8154708194999, 59.97183737432261, 68.70245851087122, 180.30145542325383, 199.66134051744712, 6.926536026499122, 217.1830124170074, 34.82260109538557, 39.958460383301265, 47.26553545990888, 121.28597151268198, 109.35348833076259, 40.128163459538925, 215.59422423355653, 303.55796980566157, 185.6101844482533, 252.1940264450215]
(110044.38852369544,)
[42.86147627407772, 144.3339869325138, 63.299160786648784, 13.531642085477348, 90.35129856585709, 81.6570313500995, 322.1967820752984, 300.13061667081433, 104.49648985025617, 0.6606033740161834, 61.20174827690431, 352.8154708194999, 59.97183737432261, 68.70245851087122, 180.30145542325383, 199.66134051744712, 6.926536026499122, 217.1830124170074, 34.82260109538557, 39.958460383301265, 47.26553545990888, 121.28597151268198, 109.35348833076259, 40.128163459538925, 215.59422423355653, 303.55796980566157, 185.6101844482533, 252.1940264450215]
(110044.38852369544,)
[42.86147627407772, 144.3339869325138, 63.299160786648784, 13.531642085477348, 90.35129856585709, 81.6570313500995, 322.1967820752984, 300.13061667081433, 104.49648985025617, 0.6606033740161834, 61.20174827690431, 352.8154708194999, 59.97183737432261, 68.70245851087122, 180.30145542325383, 199.66134051744712, 6.926536026499122, 217.1830124170074, 34.82260109538557, 39.958460383301265, 47.26553545990888, 121.28597151268198, 109.35348833076259, 40.128163459538925, 215.59422423355653, 303.55796980566157, 185.6101844482533, 252.1940264450215]
(110044.38852369544,)
[42.86147627407772, 144.3339869325138, 63.299160786648784, 13.531642085477348, 90.35129856585709, 81.6570313500995, 322.1967820752984, 300.13061667081433, 104.49648985025617, 0.6606033740161834, 61.20174827690431, 352.8154708194999, 59.97183737432261, 68.70245851087122, 180.30145542325383, 199.66134051744712, 6.926536026499122, 217.1830124170074, 34.82260109538557, 39.958460383301265, 47.26553545990888, 121.28597151268198, 109.35348833076259, 40.128163459538925, 215.59422423355653, 303.55796980566157, 185.6101844482533, 252.1940264450215]
(110044.38852369544,)
[42.86147627407772, 144.3339869325138, 63.299160786648784, 13.531642085477348, 90.35129856585709, 81.6570313500995, 322.1967820752984, 300.13061667081433, 104.49648985025617, 0.6606033740161834, 61.20174827690431, 352.8154708194999, 59.97183737432261, 68.70245851087122, 180.30145542325383, 199.66134051744712, 6.926536026499122, 217.1830124170074, 34.82260109538557, 39.958460383301265, 47.26553545990888, 121.28597151268198, 109.35348833076259, 40.128163459538925, 215.59422423355653, 303.55796980566157, 185.6101844482533, 252.1940264450215]
(110044.38852369544,)
[42.86147627407772, 144.3339869325138, 63.299160786648784, 13.531642085477348, 90.35129856585709, 81.6570313500995, 322.1967820752984, 300.13061667081433, 104.49648985025617, 0.6606033740161834, 61.20174827690431, 352.8154708194999, 59.97183737432261, 68.70245851087122, 180.30145542325383, 199.66134051744712, 6.926536026499122, 217.1830124170074, 34.82260109538557, 39.958460383301265, 47.26553545990888, 121.28597151268198, 109.35348833076259, 40.128163459538925, 215.59422423355653, 303.55796980566157, 185.6101844482533, 252.1940264450215]
(110044.38852369544,)
[42.86147627407772, 144.3339869325138, 63.299160786648784, 13.531642085477348, 90.35129856585709, 81.6570313500995, 322.1967820752984, 300.13061667081433, 104.49648985025617, 0.6606033740161834, 61.20174827690431, 352.8154708194999, 59.97183737432261, 68.70245851087122, 180.30145542325383, 199.66134051744712, 6.926536026499122, 217.1830124170074, 34.82260109538557, 39.958460383301265, 47.26553545990888, 121.28597151268198, 109.35348833076259, 40.128163459538925, 215.59422423355653, 303.55796980566157, 185.6101844482533, 252.1940264450215]
(110044.38852369544,)
[46.12565061062902, 294.4297234381514, 95.63287802732546, 6.282776399890999, 320.3385844310986, 113.93515850679738, 112.92299036287079, 68.10531840903259, 316.1864318676872, 62.65642637577015, 345.94896879083797, 78.47137424886117, 64.9354244486568, 71.62211742550045, 45.47999421785155, 223.58241468228908, 59.25940702203084, 25.22969869511165, 149.28819541490984, 292.87246755095515, 97.52076352432084, 201.37722656714743, 117.59087570840806, 279.888841490533, 191.76788859196347, 345.53090219320904, 85.61106753832667, 122.42040444013737]
(110001.70162230027,)
[46.12565061062902, 294.4297234381514, 95.63287802732546, 6.282776399890999, 320.3385844310986, 113.93515850679738, 112.92299036287079, 68.10531840903259, 316.1864318676872, 62.65642637577015, 345.94896879083797, 78.47137424886117, 64.9354244486568, 71.62211742550045, 45.47999421785155, 223.58241468228908, 59.25940702203084, 25.22969869511165, 149.28819541490984, 292.87246755095515, 97.52076352432084, 201.37722656714743, 117.59087570840806, 279.888841490533, 191.76788859196347, 345.53090219320904, 85.61106753832667, 122.42040444013737]
(110001.70162230027,)
[46.12565061062902, 294.4297234381514, 95.63287802732546, 6.282776399890999, 320.3385844310986, 113.93515850679738, 112.92299036287079, 68.10531840903259, 316.1864318676872, 62.65642637577015, 345.94896879083797, 78.47137424886117, 64.9354244486568, 71.62211742550045, 45.47999421785155, 223.58241468228908, 59.25940702203084, 25.22969869511165, 149.28819541490984, 292.87246755095515, 97.52076352432084, 201.37722656714743, 117.59087570840806, 279.888841490533, 191.76788859196347, 345.53090219320904, 85.61106753832667, 122.42040444013737]
(110001.70162230027,)
[46.12565061062902, 294.4297234381514, 95.63287802732546, 6.282776399890999, 320.3385844310986, 113.93515850679738, 112.92299036287079, 68.10531840903259, 316.1864318676872, 62.65642637577015, 345.94896879083797, 78.47137424886117, 64.9354244486568, 71.62211742550045, 45.47999421785155, 223.58241468228908, 59.25940702203084, 25.22969869511165, 149.28819541490984, 292.87246755095515, 97.52076352432084, 201.37722656714743, 117.59087570840806, 279.888841490533, 191.76788859196347, 345.53090219320904, 85.61106753832667, 122.42040444013737]
(110001.70162230027,)
[46.12565061062902, 294.4297234381514, 95.63287802732546, 6.282776399890999, 320.3385844310986, 113.93515850679738, 112.92299036287079, 68.10531840903259, 316.1864318676872, 62.65642637577015, 345.94896879083797, 78.47137424886117, 64.9354244486568, 71.62211742550045, 45.47999421785155, 223.58241468228908, 59.25940702203084, 25.22969869511165, 149.28819541490984, 292.87246755095515, 97.52076352432084, 201.37722656714743, 117.59087570840806, 279.888841490533, 191.76788859196347, 345.53090219320904, 85.61106753832667, 122.42040444013737]
(110001.70162230027,)
[46.12565061062902, 294.4297234381514, 95.63287802732546, 6.282776399890999, 320.3385844310986, 113.93515850679738, 112.92299036287079, 68.10531840903259, 316.1864318676872, 62.65642637577015, 345.94896879083797, 78.47137424886117, 64.9354244486568, 71.62211742550045, 45.47999421785155, 223.58241468228908, 59.25940702203084, 25.22969869511165, 149.28819541490984, 292.87246755095515, 97.52076352432084, 201.37722656714743, 117.59087570840806, 279.888841490533, 191.76788859196347, 345.53090219320904, 85.61106753832667, 122.42040444013737]
(110001.70162230027,)
[46.12565061062902, 294.4297234381514, 95.63287802732546, 6.282776399890999, 320.3385844310986, 113.93515850679738, 112.92299036287079, 68.10531840903259, 316.1864318676872, 62.65642637577015, 345.94896879083797, 78.47137424886117, 64.9354244486568, 71.62211742550045, 45.47999421785155, 223.58241468228908, 59.25940702203084, 25.22969869511165, 149.28819541490984, 292.87246755095515, 97.52076352432084, 201.37722656714743, 117.59087570840806, 279.888841490533, 191.76788859196347, 345.53090219320904, 85.61106753832667, 122.42040444013737]
(110001.70162230027,)
[46.12565061062902, 294.4297234381514, 95.63287802732546, 6.282776399890999, 320.3385844310986, 113.93515850679738, 112.92299036287079, 68.10531840903259, 316.1864318676872, 62.65642637577015, 345.94896879083797, 78.47137424886117, 64.9354244486568, 71.62211742550045, 45.47999421785155, 223.58241468228908, 59.25940702203084, 25.22969869511165, 149.28819541490984, 292.87246755095515, 97.52076352432084, 201.37722656714743, 117.59087570840806, 279.888841490533, 191.76788859196347, 345.53090219320904, 85.61106753832667, 122.42040444013737]
(110001.70162230027,)
[46.12565061062902, 294.4297234381514, 95.63287802732546, 6.282776399890999, 320.3385844310986, 113.93515850679738, 112.92299036287079, 68.10531840903259, 316.1864318676872, 62.65642637577015, 345.94896879083797, 78.47137424886117, 64.9354244486568, 71.62211742550045, 45.47999421785155, 223.58241468228908, 59.25940702203084, 25.22969869511165, 149.28819541490984, 292.87246755095515, 97.52076352432084, 201.37722656714743, 117.59087570840806, 279.888841490533, 191.76788859196347, 345.53090219320904, 85.61106753832667, 122.42040444013737]
(110001.70162230027,)
[46.12565061062902, 294.4297234381514, 95.63287802732546, 6.282776399890999, 320.3385844310986, 113.93515850679738, 112.92299036287079, 68.10531840903259, 316.1864318676872, 62.65642637577015, 345.94896879083797, 78.47137424886117, 64.9354244486568, 71.62211742550045, 45.47999421785155, 223.58241468228908, 59.25940702203084, 25.22969869511165, 149.28819541490984, 292.87246755095515, 97.52076352432084, 201.37722656714743, 117.59087570840806, 279.888841490533, 191.76788859196347, 345.53090219320904, 85.61106753832667, 122.42040444013737]
(110001.70162230027,)
[46.12565061062902, 294.4297234381514, 95.63287802732546, 6.282776399890999, 320.3385844310986, 113.93515850679738, 112.92299036287079, 68.10531840903259, 316.1864318676872, 62.65642637577015, 345.94896879083797, 78.47137424886117, 64.9354244486568, 71.62211742550045, 45.47999421785155, 223.58241468228908, 59.25940702203084, 25.22969869511165, 149.28819541490984, 292.87246755095515, 97.52076352432084, 201.37722656714743, 117.59087570840806, 279.888841490533, 191.76788859196347, 345.53090219320904, 85.61106753832667, 122.42040444013737]
(110001.70162230027,)
[46.12565061062902, 294.4297234381514, 95.63287802732546, 6.282776399890999, 320.3385844310986, 113.93515850679738, 112.92299036287079, 68.10531840903259, 316.1864318676872, 62.65642637577015, 345.94896879083797, 78.47137424886117, 64.9354244486568, 71.62211742550045, 45.47999421785155, 223.58241468228908, 59.25940702203084, 25.22969869511165, 149.28819541490984, 292.87246755095515, 97.52076352432084, 201.37722656714743, 117.59087570840806, 279.888841490533, 191.76788859196347, 345.53090219320904, 85.61106753832667, 122.42040444013737]
(110001.70162230027,)
[46.12565061062902, 294.4297234381514, 95.63287802732546, 6.282776399890999, 320.3385844310986, 113.93515850679738, 112.92299036287079, 68.10531840903259, 316.1864318676872, 62.65642637577015, 345.94896879083797, 78.47137424886117, 64.9354244486568, 71.62211742550045, 45.47999421785155, 223.58241468228908, 59.25940702203084, 25.22969869511165, 149.28819541490984, 292.87246755095515, 97.52076352432084, 201.37722656714743, 117.59087570840806, 279.888841490533, 191.76788859196347, 345.53090219320904, 85.61106753832667, 122.42040444013737]
(110001.70162230027,)
[46.12565061062902, 294.4297234381514, 95.63287802732546, 6.282776399890999, 320.3385844310986, 113.93515850679738, 112.92299036287079, 68.10531840903259, 316.1864318676872, 62.65642637577015, 345.94896879083797, 78.47137424886117, 64.9354244486568, 71.62211742550045, 45.47999421785155, 223.58241468228908, 59.25940702203084, 25.22969869511165, 149.28819541490984, 292.87246755095515, 97.52076352432084, 201.37722656714743, 117.59087570840806, 279.888841490533, 191.76788859196347, 345.53090219320904, 85.61106753832667, 122.42040444013737]
(110001.70162230027,)
[46.12565061062902, 294.4297234381514, 95.63287802732546, 6.282776399890999, 320.3385844310986, 113.93515850679738, 112.92299036287079, 68.10531840903259, 316.1864318676872, 62.65642637577015, 345.94896879083797, 78.47137424886117, 64.9354244486568, 71.62211742550045, 45.47999421785155, 223.58241468228908, 59.25940702203084, 25.22969869511165, 149.28819541490984, 292.87246755095515, 97.52076352432084, 201.37722656714743, 117.59087570840806, 279.888841490533, 191.76788859196347, 345.53090219320904, 85.61106753832667, 122.42040444013737]
(110001.70162230027,)
