[39.5828643063851, 45.305471467667985, 349.56846410115656, 340.6401393265097, 355.7544049708009, 95.80578632462212, 266.97273703418193, 159.73096393416276, 105.05039866665857, 40.4215586188474, 80.07060532721944, 142.2583850060398, 328.1513996643139, 221.5942911848648, 289.82447892616744, 346.29170711419624, 101.912438839953, 247.48191438130706, 250.52962565914584, 94.99882128691628, 118.8647145555618, 344.30659511415047]
(104628.78278940203,)
[39.5828643063851, 45.305471467667985, 349.56846410115656, 340.6401393265097, 355.7544049708009, 95.80578632462212, 266.97273703418193, 159.73096393416276, 105.05039866665857, 40.4215586188474, 80.07060532721944, 142.2583850060398, 328.1513996643139, 221.5942911848648, 289.82447892616744, 346.29170711419624, 101.912438839953, 247.48191438130706, 250.52962565914584, 94.99882128691628, 118.8647145555618, 344.30659511415047]
(104628.78278940203,)
[39.5828643063851, 45.305471467667985, 349.56846410115656, 340.6401393265097, 355.7544049708009, 95.80578632462212, 266.97273703418193, 159.73096393416276, 105.05039866665857, 40.4215586188474, 80.07060532721944, 142.2583850060398, 328.1513996643139, 221.5942911848648, 289.82447892616744, 346.29170711419624, 101.912438839953, 247.48191438130706, 250.52962565914584, 94.99882128691628, 118.8647145555618, 344.30659511415047]
(104628.78278940203,)
[39.5828643063851, 45.305471467667985, 349.56846410115656, 340.6401393265097, 355.7544049708009, 95.80578632462212, 266.97273703418193, 159.73096393416276, 105.05039866665857, 40.4215586188474, 80.07060532721944, 142.2583850060398, 328.1513996643139, 221.5942911848648, 289.82447892616744, 346.29170711419624, 101.912438839953, 247.48191438130706, 250.52962565914584, 94.99882128691628, 118.8647145555618, 344.30659511415047]
(104628.78278940203,)
[39.5828643063851, 45.305471467667985, 349.56846410115656, 340.6401393265097, 355.7544049708009, 95.80578632462212, 266.97273703418193, 159.73096393416276, 105.05039866665857, 40.4215586188474, 80.07060532721944, 142.2583850060398, 328.1513996643139, 221.5942911848648, 289.82447892616744, 346.29170711419624, 101.912438839953, 247.48191438130706, 250.52962565914584, 94.99882128691628, 118.8647145555618, 344.30659511415047]
(104628.78278940203,)
[39.5828643063851, 45.305471467667985, 349.56846410115656, 340.6401393265097, 355.7544049708009, 95.80578632462212, 266.97273703418193, 159.73096393416276, 105.05039866665857, 40.4215586188474, 80.07060532721944, 142.2583850060398, 328.1513996643139, 221.5942911848648, 289.82447892616744, 346.29170711419624, 101.912438839953, 247.48191438130706, 250.52962565914584, 94.99882128691628, 118.8647145555618, 344.30659511415047]
(104628.78278940203,)
[39.5828643063851, 45.305471467667985, 349.56846410115656, 340.6401393265097, 355.7544049708009, 95.80578632462212, 266.97273703418193, 159.73096393416276, 105.05039866665857, 40.4215586188474, 80.07060532721944, 142.2583850060398, 328.1513996643139, 221.5942911848648, 289.82447892616744, 346.29170711419624, 101.912438839953, 247.48191438130706, 250.52962565914584, 94.99882128691628, 118.8647145555618, 344.30659511415047]
(104628.78278940203,)
[39.5828643063851, 45.305471467667985, 349.56846410115656, 340.6401393265097, 355.7544049708009, 95.80578632462212, 266.97273703418193, 159.73096393416276, 105.05039866665857, 40.4215586188474, 80.07060532721944, 142.2583850060398, 328.1513996643139, 221.5942911848648, 289.82447892616744, 346.29170711419624, 101.912438839953, 247.48191438130706, 250.52962565914584, 94.99882128691628, 118.8647145555618, 344.30659511415047]
(104628.78278940203,)
[39.5828643063851, 45.305471467667985, 349.56846410115656, 340.6401393265097, 355.7544049708009, 95.80578632462212, 266.97273703418193, 159.73096393416276, 105.05039866665857, 40.4215586188474, 80.07060532721944, 142.2583850060398, 328.1513996643139, 221.5942911848648, 289.82447892616744, 346.29170711419624, 101.912438839953, 247.48191438130706, 250.52962565914584, 94.99882128691628, 118.8647145555618, 344.30659511415047]
(104628.78278940203,)
[39.5828643063851, 45.305471467667985, 349.56846410115656, 340.6401393265097, 355.7544049708009, 95.80578632462212, 266.97273703418193, 159.73096393416276, 105.05039866665857, 40.4215586188474, 80.07060532721944, 142.2583850060398, 328.1513996643139, 221.5942911848648, 289.82447892616744, 346.29170711419624, 101.912438839953, 247.48191438130706, 250.52962565914584, 94.99882128691628, 118.8647145555618, 344.30659511415047]
(104628.78278940203,)
[216.7595839715562, 119.3190681502727, 137.39854679473717, 22.833900425625643, 39.678501331054136, 297.755936634815, 176.5383150605562, 162.94693986220102, 50.72444927988617, 355.3387999943433, 54.580733331858966, 19.504306146063072, 192.4353057037736, 264.9526375208421, 91.00313914568103, 195.48276626844364, 251.08229081304484, 27.492562842111088, 325.03694492809467, 153.4323590988054, 251.92429176794298, 181.80224002658196]
(104579.20639262281,)
[279.3453029355892, 320.90043436747715, 218.67972952351005, 135.56177303449434, 33.977035077845485, 39.158553199566896, 84.84634613450542, 52.88267867761624, 302.19904832209096, 131.71145794116015, 64.53025127393462, 343.68664875122425, 97.28552005378563, 122.89655776976198, 213.16454189874563, 40.48096063921646, 322.51729414854583, 92.78104554769402, 82.75783245900767, 336.9898638198332, 267.293300160632, 334.1173867374769]
(104537.5338654987,)
[279.3453029355892, 320.90043436747715, 218.67972952351005, 135.56177303449434, 33.977035077845485, 39.158553199566896, 84.84634613450542, 52.88267867761624, 302.19904832209096, 131.71145794116015, 64.53025127393462, 343.68664875122425, 97.28552005378563, 122.89655776976198, 213.16454189874563, 40.48096063921646, 322.51729414854583, 92.78104554769402, 82.75783245900767, 336.9898638198332, 267.293300160632, 334.1173867374769]
(104537.5338654987,)
[279.3453029355892, 320.90043436747715, 218.67972952351005, 135.56177303449434, 33.977035077845485, 39.158553199566896, 84.84634613450542, 52.88267867761624, 302.19904832209096, 131.71145794116015, 64.53025127393462, 343.68664875122425, 97.28552005378563, 122.89655776976198, 213.16454189874563, 40.48096063921646, 322.51729414854583, 92.78104554769402, 82.75783245900767, 336.9898638198332, 267.293300160632, 334.1173867374769]
(104537.5338654987,)
[279.3453029355892, 320.90043436747715, 218.67972952351005, 135.56177303449434, 33.977035077845485, 39.158553199566896, 84.84634613450542, 52.88267867761624, 302.19904832209096, 131.71145794116015, 64.53025127393462, 343.68664875122425, 97.28552005378563, 122.89655776976198, 213.16454189874563, 40.48096063921646, 322.51729414854583, 92.78104554769402, 82.75783245900767, 336.9898638198332, 267.293300160632, 334.1173867374769]
(104537.5338654987,)
[25.93870016753773, 357.0353299404594, 81.86135956975708, 134.8207292754509, 47.94003447062013, 89.64586007239029, 59.14390198631621, 94.25487624072606, 80.42802596342047, 334.9651072340499, 143.31077500447256, 147.9962518729879, 87.7557543573035, 103.33098629893557, 289.82352942342925, 111.77545290442515, 224.80795711420072, 151.1199860013786, 125.06305811988838, 316.5964899680069, 142.61480668349176, 345.5171578618971]
(104536.99755279807,)
[25.93870016753773, 357.0353299404594, 81.86135956975708, 134.8207292754509, 47.94003447062013, 89.64586007239029, 59.14390198631621, 94.25487624072606, 80.42802596342047, 334.9651072340499, 143.31077500447256, 147.9962518729879, 87.7557543573035, 103.33098629893557, 289.82352942342925, 111.77545290442515, 224.80795711420072, 151.1199860013786, 125.06305811988838, 316.5964899680069, 142.61480668349176, 345.5171578618971]
(104536.99755279807,)
[189.28645506443502, 114.4876017961421, 248.802669283927, 117.41913307712078, 4.500115452459776, 70.45105286149277, 18.85469640907902, 359.8061453035129, 356.1025278233615, 320.98045963261296, 356.78273678186895, 23.841153276285738, 163.23348548861534, 131.5536875643622, 60.54381774117206, 140.72584072441342, 110.75137552362101, 95.14428157664344, 62.9080086056635, 224.38236713161854, 286.8742393405674, 323.4271488488024]
(104448.84093070331,)
[189.28645506443502, 114.4876017961421, 248.802669283927, 117.41913307712078, 4.500115452459776, 70.45105286149277, 18.85469640907902, 359.8061453035129, 356.1025278233615, 320.98045963261296, 356.78273678186895, 23.841153276285738, 163.23348548861534, 131.5536875643622, 60.54381774117206, 140.72584072441342, 110.75137552362101, 95.14428157664344, 62.9080086056635, 224.38236713161854, 286.8742393405674, 323.4271488488024]
(104448.84093070331,)
[189.28645506443502, 114.4876017961421, 248.802669283927, 117.41913307712078, 4.500115452459776, 70.45105286149277, 18.85469640907902, 359.8061453035129, 356.1025278233615, 320.98045963261296, 356.78273678186895, 23.841153276285738, 163.23348548861534, 131.5536875643622, 60.54381774117206, 140.72584072441342, 110.75137552362101, 95.14428157664344, 62.9080086056635, 224.38236713161854, 286.8742393405674, 323.4271488488024]
(104448.84093070331,)
[189.28645506443502, 114.4876017961421, 248.802669283927, 117.41913307712078, 4.500115452459776, 70.45105286149277, 18.85469640907902, 359.8061453035129, 356.1025278233615, 320.98045963261296, 356.78273678186895, 23.841153276285738, 163.23348548861534, 131.5536875643622, 60.54381774117206, 140.72584072441342, 110.75137552362101, 95.14428157664344, 62.9080086056635, 224.38236713161854, 286.8742393405674, 323.4271488488024]
(104448.84093070331,)
[189.28645506443502, 114.4876017961421, 248.802669283927, 117.41913307712078, 4.500115452459776, 70.45105286149277, 18.85469640907902, 359.8061453035129, 356.1025278233615, 320.98045963261296, 356.78273678186895, 23.841153276285738, 163.23348548861534, 131.5536875643622, 60.54381774117206, 140.72584072441342, 110.75137552362101, 95.14428157664344, 62.9080086056635, 224.38236713161854, 286.8742393405674, 323.4271488488024]
(104448.84093070331,)
[189.28645506443502, 114.4876017961421, 248.802669283927, 117.41913307712078, 4.500115452459776, 70.45105286149277, 18.85469640907902, 359.8061453035129, 356.1025278233615, 320.98045963261296, 356.78273678186895, 23.841153276285738, 163.23348548861534, 131.5536875643622, 60.54381774117206, 140.72584072441342, 110.75137552362101, 95.14428157664344, 62.9080086056635, 224.38236713161854, 286.8742393405674, 323.4271488488024]
(104448.84093070331,)
[189.28645506443502, 114.4876017961421, 248.802669283927, 117.41913307712078, 4.500115452459776, 70.45105286149277, 18.85469640907902, 359.8061453035129, 356.1025278233615, 320.98045963261296, 356.78273678186895, 23.841153276285738, 163.23348548861534, 131.5536875643622, 60.54381774117206, 140.72584072441342, 110.75137552362101, 95.14428157664344, 62.9080086056635, 224.38236713161854, 286.8742393405674, 323.4271488488024]
(104448.84093070331,)
[189.28645506443502, 114.4876017961421, 248.802669283927, 117.41913307712078, 4.500115452459776, 70.45105286149277, 18.85469640907902, 359.8061453035129, 356.1025278233615, 320.98045963261296, 356.78273678186895, 23.841153276285738, 163.23348548861534, 131.5536875643622, 60.54381774117206, 140.72584072441342, 110.75137552362101, 95.14428157664344, 62.9080086056635, 224.38236713161854, 286.8742393405674, 323.4271488488024]
(104448.84093070331,)
[92.73532791527015, 144.94558513997288, 57.82431211231385, 22.833900425625643, 39.678501331054136, 63.868170960615885, 176.5383150605562, 162.94693986220102, 50.72444927988617, 310.1470422423376, 54.580733331858966, 19.504306146063072, 192.4353057037736, 264.9526375208421, 91.00313914568103, 195.48276626844364, 85.805592170262, 27.492562842111088, 325.03694492809467, 153.4323590988054, 251.92429176794298, 201.71754927468965]
(104355.96641071276,)
[92.73532791527015, 144.94558513997288, 57.82431211231385, 22.833900425625643, 39.678501331054136, 63.868170960615885, 176.5383150605562, 162.94693986220102, 50.72444927988617, 310.1470422423376, 54.580733331858966, 19.504306146063072, 192.4353057037736, 264.9526375208421, 91.00313914568103, 195.48276626844364, 85.805592170262, 27.492562842111088, 325.03694492809467, 153.4323590988054, 251.92429176794298, 201.71754927468965]
(104355.96641071276,)
[4.794886057598684, 120.4637395327555, 33.42813677211376, 34.35864601197834, 120.62788093111074, 147.49026412962124, 100.72200875209828, 60.689299676004836, 37.22487083899772, 94.5630743762697, 143.24164824480818, 130.49166812647985, 169.68043160814153, 109.18317639050352, 49.55496903063807, 2.6247427486154606, 241.50329114656518, 48.20108879370306, 342.56107394711796, 165.35148490804016, 177.34810777367503, 177.71890571181257]
(104289.75822844864,)
[4.794886057598684, 120.4637395327555, 33.42813677211376, 34.35864601197834, 120.62788093111074, 147.49026412962124, 100.72200875209828, 60.689299676004836, 37.22487083899772, 94.5630743762697, 143.24164824480818, 130.49166812647985, 169.68043160814153, 109.18317639050352, 49.55496903063807, 2.6247427486154606, 241.50329114656518, 48.20108879370306, 342.56107394711796, 165.35148490804016, 177.34810777367503, 177.71890571181257]
(104289.75822844864,)
[4.794886057598684, 120.4637395327555, 33.42813677211376, 34.35864601197834, 120.62788093111074, 147.49026412962124, 100.72200875209828, 60.689299676004836, 37.22487083899772, 94.5630743762697, 143.24164824480818, 130.49166812647985, 169.68043160814153, 109.18317639050352, 49.55496903063807, 2.6247427486154606, 241.50329114656518, 48.20108879370306, 342.56107394711796, 165.35148490804016, 177.34810777367503, 177.71890571181257]
(104289.75822844864,)
[4.794886057598684, 120.4637395327555, 33.42813677211376, 34.35864601197834, 120.62788093111074, 147.49026412962124, 100.72200875209828, 60.689299676004836, 37.22487083899772, 94.5630743762697, 143.24164824480818, 130.49166812647985, 169.68043160814153, 109.18317639050352, 49.55496903063807, 2.6247427486154606, 241.50329114656518, 48.20108879370306, 342.56107394711796, 165.35148490804016, 177.34810777367503, 177.71890571181257]
(104289.75822844864,)
[14.130083633842535, 257.21865977975733, 91.58220205976218, 102.30607845674686, 130.1099190037883, 88.75906671915146, 335.2325364360023, 21.925505287713108, 30.89325732152838, 297.78478034299746, 170.2049419945666, 99.29621537336672, 206.13147313554276, 325.60312552569894, 44.38786706620138, 182.81377913464104, 54.24021760432197, 317.870504281663, 120.34611934614337, 335.7992786829188, 174.4124911910935, 66.89465364546308]
(104211.20143622294,)
[14.130083633842535, 257.21865977975733, 91.58220205976218, 102.30607845674686, 130.1099190037883, 88.75906671915146, 335.2325364360023, 21.925505287713108, 30.89325732152838, 297.78478034299746, 170.2049419945666, 99.29621537336672, 206.13147313554276, 325.60312552569894, 44.38786706620138, 182.81377913464104, 54.24021760432197, 317.870504281663, 120.34611934614337, 335.7992786829188, 174.4124911910935, 66.89465364546308]
(104211.20143622294,)
[14.130083633842535, 257.21865977975733, 91.58220205976218, 102.30607845674686, 130.1099190037883, 88.75906671915146, 335.2325364360023, 21.925505287713108, 30.89325732152838, 297.78478034299746, 170.2049419945666, 99.29621537336672, 206.13147313554276, 325.60312552569894, 44.38786706620138, 182.81377913464104, 54.24021760432197, 317.870504281663, 120.34611934614337, 335.7992786829188, 174.4124911910935, 66.89465364546308]
(104211.20143622294,)
[14.130083633842535, 257.21865977975733, 91.58220205976218, 102.30607845674686, 130.1099190037883, 88.75906671915146, 335.2325364360023, 21.925505287713108, 30.89325732152838, 297.78478034299746, 170.2049419945666, 99.29621537336672, 206.13147313554276, 325.60312552569894, 44.38786706620138, 182.81377913464104, 54.24021760432197, 317.870504281663, 120.34611934614337, 335.7992786829188, 174.4124911910935, 66.89465364546308]
(104211.20143622294,)
[83.19666956163849, 134.31257877723365, 352.7175925964616, 124.1835734437437, 89.03946919045158, 307.64336316481075, 77.35117829842817, 57.88461820370506, 75.22878074491938, 87.94375162435247, 76.45660183384919, 72.63781189222121, 199.49880712983867, 107.32310346318287, 172.63999092167842, 94.32052959621753, 347.98766190428086, 150.45519513325968, 293.70193516015706, 305.72827250955186, 349.70378247644305, 272.15005468731505]
(104173.18442680794,)
[83.19666956163849, 134.31257877723365, 352.7175925964616, 124.1835734437437, 89.03946919045158, 307.64336316481075, 77.35117829842817, 57.88461820370506, 75.22878074491938, 87.94375162435247, 76.45660183384919, 72.63781189222121, 199.49880712983867, 107.32310346318287, 172.63999092167842, 94.32052959621753, 347.98766190428086, 150.45519513325968, 293.70193516015706, 305.72827250955186, 349.70378247644305, 272.15005468731505]
(104173.18442680794,)
[26.451678443333456, 62.35471325198872, 60.28348162741469, 129.4348989047503, 58.37141308990779, 343.2558386824538, 79.17559174470897, 70.40287473587468, 52.93193073120103, 61.228182023819336, 91.08875604056709, 38.26677196057627, 157.85124660005832, 225.17372516952486, 180.43931983627232, 296.6366918129123, 316.10608442895955, 9.14518305702222, 59.335898875240176, 283.30673242446795, 171.36909618070487, 1.7940492671130315]
(104086.43411115994,)
[26.451678443333456, 62.35471325198872, 60.28348162741469, 129.4348989047503, 58.37141308990779, 343.2558386824538, 79.17559174470897, 70.40287473587468, 52.93193073120103, 61.228182023819336, 91.08875604056709, 38.26677196057627, 157.85124660005832, 225.17372516952486, 180.43931983627232, 296.6366918129123, 316.10608442895955, 9.14518305702222, 59.335898875240176, 283.30673242446795, 171.36909618070487, 1.7940492671130315]
(104086.43411115994,)
[301.7128755079808, 73.17299953241759, 127.49350606223598, 96.40941034339585, 24.20108087385671, 83.29537667475003, 23.22427908781691, 58.25921263197718, 42.13016147472669, 59.75541455408919, 47.671254072496964, 348.53276846798457, 80.77023071116824, 3.5447690593248593, 152.0423089469289, 283.0244007063002, 317.2139764306168, 193.78919066245908, 323.6141365602267, 332.7812592337606, 216.16655375798342, 86.58900027459438]
(104021.73044562875,)
[35.41405130080153, 204.42958797888815, 319.97660921468554, 150.68315886548635, 94.45150064089181, 316.22379597887846, 12.887645902764287, 50.48898222824359, 47.38210613296583, 346.39239930640423, 22.55747229545966, 357.76703027736045, 358.7437700519474, 108.89803239059023, 215.8319636895612, 186.87407065180452, 287.20644426805507, 90.28589496101496, 31.27611663942531, 278.96212405111686, 261.8154046198512, 330.60519694280924]
(103961.37330416178,)
[35.41405130080153, 204.42958797888815, 319.97660921468554, 150.68315886548635, 94.45150064089181, 316.22379597887846, 12.887645902764287, 50.48898222824359, 47.38210613296583, 346.39239930640423, 22.55747229545966, 357.76703027736045, 358.7437700519474, 108.89803239059023, 215.8319636895612, 186.87407065180452, 287.20644426805507, 90.28589496101496, 31.27611663942531, 278.96212405111686, 261.8154046198512, 330.60519694280924]
(103961.37330416178,)
[35.41405130080153, 204.42958797888815, 319.97660921468554, 150.68315886548635, 94.45150064089181, 316.22379597887846, 12.887645902764287, 50.48898222824359, 47.38210613296583, 346.39239930640423, 22.55747229545966, 357.76703027736045, 358.7437700519474, 108.89803239059023, 215.8319636895612, 186.87407065180452, 287.20644426805507, 90.28589496101496, 31.27611663942531, 278.96212405111686, 261.8154046198512, 330.60519694280924]
(103961.37330416178,)
[35.41405130080153, 204.42958797888815, 319.97660921468554, 150.68315886548635, 94.45150064089181, 316.22379597887846, 12.887645902764287, 50.48898222824359, 47.38210613296583, 346.39239930640423, 22.55747229545966, 357.76703027736045, 358.7437700519474, 108.89803239059023, 215.8319636895612, 186.87407065180452, 287.20644426805507, 90.28589496101496, 31.27611663942531, 278.96212405111686, 261.8154046198512, 330.60519694280924]
(103961.37330416178,)
[35.41405130080153, 204.42958797888815, 319.97660921468554, 150.68315886548635, 94.45150064089181, 316.22379597887846, 12.887645902764287, 50.48898222824359, 47.38210613296583, 346.39239930640423, 22.55747229545966, 357.76703027736045, 358.7437700519474, 108.89803239059023, 215.8319636895612, 186.87407065180452, 287.20644426805507, 90.28589496101496, 31.27611663942531, 278.96212405111686, 261.8154046198512, 330.60519694280924]
(103961.37330416178,)
[119.20924744235404, 73.17299953241759, 127.49350606223598, 96.40941034339585, 24.20108087385671, 83.29537667475003, 23.22427908781691, 58.25921263197718, 42.13016147472669, 59.75541455408919, 47.671254072496964, 348.53276846798457, 80.77023071116824, 3.5447690593248593, 152.0423089469289, 51.9824603547772, 178.17956356745924, 193.78919066245908, 355.7793102174427, 208.9226139359122, 26.632239553138277, 86.58900027459438]
(103832.89648718399,)
[119.20924744235404, 73.17299953241759, 127.49350606223598, 96.40941034339585, 24.20108087385671, 83.29537667475003, 23.22427908781691, 58.25921263197718, 42.13016147472669, 59.75541455408919, 47.671254072496964, 348.53276846798457, 80.77023071116824, 3.5447690593248593, 152.0423089469289, 51.9824603547772, 178.17956356745924, 193.78919066245908, 355.7793102174427, 208.9226139359122, 26.632239553138277, 86.58900027459438]
(103832.89648718399,)
[119.20924744235404, 73.17299953241759, 127.49350606223598, 96.40941034339585, 24.20108087385671, 83.29537667475003, 23.22427908781691, 58.25921263197718, 42.13016147472669, 59.75541455408919, 47.671254072496964, 348.53276846798457, 80.77023071116824, 3.5447690593248593, 152.0423089469289, 51.9824603547772, 178.17956356745924, 193.78919066245908, 355.7793102174427, 208.9226139359122, 26.632239553138277, 86.58900027459438]
(103832.89648718399,)
[119.20924744235404, 73.17299953241759, 127.49350606223598, 96.40941034339585, 24.20108087385671, 83.29537667475003, 23.22427908781691, 58.25921263197718, 42.13016147472669, 59.75541455408919, 47.671254072496964, 348.53276846798457, 80.77023071116824, 3.5447690593248593, 152.0423089469289, 51.9824603547772, 178.17956356745924, 193.78919066245908, 355.7793102174427, 208.9226139359122, 26.632239553138277, 86.58900027459438]
(103832.89648718399,)
[119.20924744235404, 73.17299953241759, 127.49350606223598, 96.40941034339585, 24.20108087385671, 83.29537667475003, 23.22427908781691, 58.25921263197718, 42.13016147472669, 59.75541455408919, 47.671254072496964, 348.53276846798457, 80.77023071116824, 3.5447690593248593, 152.0423089469289, 51.9824603547772, 178.17956356745924, 193.78919066245908, 355.7793102174427, 208.9226139359122, 26.632239553138277, 86.58900027459438]
(103832.89648718399,)
[119.20924744235404, 73.17299953241759, 127.49350606223598, 96.40941034339585, 24.20108087385671, 83.29537667475003, 23.22427908781691, 58.25921263197718, 42.13016147472669, 59.75541455408919, 47.671254072496964, 348.53276846798457, 80.77023071116824, 3.5447690593248593, 152.0423089469289, 51.9824603547772, 178.17956356745924, 193.78919066245908, 355.7793102174427, 208.9226139359122, 26.632239553138277, 86.58900027459438]
(103832.89648718399,)
[119.20924744235404, 73.17299953241759, 127.49350606223598, 96.40941034339585, 24.20108087385671, 83.29537667475003, 23.22427908781691, 58.25921263197718, 42.13016147472669, 59.75541455408919, 47.671254072496964, 348.53276846798457, 80.77023071116824, 3.5447690593248593, 152.0423089469289, 51.9824603547772, 178.17956356745924, 193.78919066245908, 355.7793102174427, 208.9226139359122, 26.632239553138277, 86.58900027459438]
(103832.89648718399,)
[119.20924744235404, 73.17299953241759, 127.49350606223598, 96.40941034339585, 24.20108087385671, 83.29537667475003, 23.22427908781691, 58.25921263197718, 42.13016147472669, 59.75541455408919, 47.671254072496964, 348.53276846798457, 80.77023071116824, 3.5447690593248593, 152.0423089469289, 51.9824603547772, 178.17956356745924, 193.78919066245908, 355.7793102174427, 208.9226139359122, 26.632239553138277, 86.58900027459438]
(103832.89648718399,)
[119.20924744235404, 73.17299953241759, 127.49350606223598, 96.40941034339585, 24.20108087385671, 83.29537667475003, 23.22427908781691, 58.25921263197718, 42.13016147472669, 59.75541455408919, 47.671254072496964, 348.53276846798457, 80.77023071116824, 3.5447690593248593, 152.0423089469289, 51.9824603547772, 178.17956356745924, 193.78919066245908, 355.7793102174427, 208.9226139359122, 26.632239553138277, 86.58900027459438]
(103832.89648718399,)
[119.20924744235404, 73.17299953241759, 127.49350606223598, 96.40941034339585, 24.20108087385671, 83.29537667475003, 23.22427908781691, 58.25921263197718, 42.13016147472669, 59.75541455408919, 47.671254072496964, 348.53276846798457, 80.77023071116824, 3.5447690593248593, 152.0423089469289, 51.9824603547772, 178.17956356745924, 193.78919066245908, 355.7793102174427, 208.9226139359122, 26.632239553138277, 86.58900027459438]
(103832.89648718399,)
[119.20924744235404, 73.17299953241759, 127.49350606223598, 96.40941034339585, 24.20108087385671, 83.29537667475003, 23.22427908781691, 58.25921263197718, 42.13016147472669, 59.75541455408919, 47.671254072496964, 348.53276846798457, 80.77023071116824, 3.5447690593248593, 152.0423089469289, 51.9824603547772, 178.17956356745924, 193.78919066245908, 355.7793102174427, 208.9226139359122, 26.632239553138277, 86.58900027459438]
(103832.89648718399,)
[119.20924744235404, 73.17299953241759, 127.49350606223598, 96.40941034339585, 24.20108087385671, 83.29537667475003, 23.22427908781691, 58.25921263197718, 42.13016147472669, 59.75541455408919, 47.671254072496964, 348.53276846798457, 80.77023071116824, 3.5447690593248593, 152.0423089469289, 51.9824603547772, 178.17956356745924, 193.78919066245908, 355.7793102174427, 208.9226139359122, 26.632239553138277, 86.58900027459438]
(103832.89648718399,)
[119.20924744235404, 73.17299953241759, 127.49350606223598, 96.40941034339585, 24.20108087385671, 83.29537667475003, 23.22427908781691, 58.25921263197718, 42.13016147472669, 59.75541455408919, 47.671254072496964, 348.53276846798457, 80.77023071116824, 3.5447690593248593, 152.0423089469289, 51.9824603547772, 178.17956356745924, 193.78919066245908, 355.7793102174427, 208.9226139359122, 26.632239553138277, 86.58900027459438]
(103832.89648718399,)
[35.64144355095377, 279.2478249273504, 136.8842429486756, 73.16130147768374, 33.52748385753523, 337.8683291201086, 14.20709305212051, 53.08119797734826, 70.25048824593296, 93.78034812463086, 359.7118978558144, 29.566128322279766, 324.4248087013906, 267.3070360965535, 44.7340138926815, 228.92289939710042, 252.3133647158945, 320.8302868613186, 311.32800296731324, 110.98127345792193, 266.86503744086997, 201.95337987458723]
(103789.24658241036,)
[35.64144355095377, 279.2478249273504, 136.8842429486756, 73.16130147768374, 33.52748385753523, 337.8683291201086, 14.20709305212051, 53.08119797734826, 70.25048824593296, 93.78034812463086, 359.7118978558144, 29.566128322279766, 324.4248087013906, 267.3070360965535, 44.7340138926815, 228.92289939710042, 252.3133647158945, 320.8302868613186, 311.32800296731324, 110.98127345792193, 266.86503744086997, 201.95337987458723]
(103789.24658241036,)
[35.64144355095377, 279.2478249273504, 136.8842429486756, 73.16130147768374, 33.52748385753523, 337.8683291201086, 14.20709305212051, 53.08119797734826, 70.25048824593296, 93.78034812463086, 359.7118978558144, 29.566128322279766, 324.4248087013906, 267.3070360965535, 44.7340138926815, 228.92289939710042, 252.3133647158945, 320.8302868613186, 311.32800296731324, 110.98127345792193, 266.86503744086997, 201.95337987458723]
(103789.24658241036,)
[35.64144355095377, 279.2478249273504, 136.8842429486756, 73.16130147768374, 33.52748385753523, 337.8683291201086, 14.20709305212051, 53.08119797734826, 70.25048824593296, 93.78034812463086, 359.7118978558144, 29.566128322279766, 324.4248087013906, 267.3070360965535, 44.7340138926815, 228.92289939710042, 252.3133647158945, 320.8302868613186, 311.32800296731324, 110.98127345792193, 266.86503744086997, 201.95337987458723]
(103789.24658241036,)
[35.64144355095377, 279.2478249273504, 136.8842429486756, 73.16130147768374, 33.52748385753523, 337.8683291201086, 14.20709305212051, 53.08119797734826, 70.25048824593296, 93.78034812463086, 359.7118978558144, 29.566128322279766, 324.4248087013906, 267.3070360965535, 44.7340138926815, 228.92289939710042, 252.3133647158945, 320.8302868613186, 311.32800296731324, 110.98127345792193, 266.86503744086997, 201.95337987458723]
(103789.24658241036,)
[35.64144355095377, 279.2478249273504, 136.8842429486756, 73.16130147768374, 33.52748385753523, 337.8683291201086, 14.20709305212051, 53.08119797734826, 70.25048824593296, 93.78034812463086, 359.7118978558144, 29.566128322279766, 324.4248087013906, 267.3070360965535, 44.7340138926815, 228.92289939710042, 252.3133647158945, 320.8302868613186, 311.32800296731324, 110.98127345792193, 266.86503744086997, 201.95337987458723]
(103789.24658241036,)
[35.64144355095377, 279.2478249273504, 136.8842429486756, 73.16130147768374, 33.52748385753523, 337.8683291201086, 14.20709305212051, 53.08119797734826, 70.25048824593296, 93.78034812463086, 359.7118978558144, 29.566128322279766, 324.4248087013906, 267.3070360965535, 44.7340138926815, 228.92289939710042, 252.3133647158945, 320.8302868613186, 311.32800296731324, 110.98127345792193, 266.86503744086997, 201.95337987458723]
(103789.24658241036,)
[35.64144355095377, 279.2478249273504, 136.8842429486756, 73.16130147768374, 33.52748385753523, 337.8683291201086, 14.20709305212051, 53.08119797734826, 70.25048824593296, 93.78034812463086, 359.7118978558144, 29.566128322279766, 324.4248087013906, 267.3070360965535, 44.7340138926815, 228.92289939710042, 252.3133647158945, 320.8302868613186, 311.32800296731324, 110.98127345792193, 266.86503744086997, 201.95337987458723]
(103789.24658241036,)
[35.64144355095377, 136.07851338455714, 351.42728912239573, 73.16130147768374, 33.52748385753523, 337.8683291201086, 14.20709305212051, 53.08119797734826, 70.25048824593296, 93.78034812463086, 359.7118978558144, 29.566128322279766, 324.4248087013906, 267.3070360965535, 44.7340138926815, 142.5291949602862, 30.810401439704037, 216.8063045595583, 311.32800296731324, 110.98127345792193, 266.86503744086997, 201.95337987458723]
(103697.55369878268,)
[35.64144355095377, 136.07851338455714, 351.42728912239573, 73.16130147768374, 33.52748385753523, 337.8683291201086, 14.20709305212051, 53.08119797734826, 70.25048824593296, 93.78034812463086, 359.7118978558144, 29.566128322279766, 324.4248087013906, 267.3070360965535, 44.7340138926815, 142.5291949602862, 30.810401439704037, 216.8063045595583, 311.32800296731324, 110.98127345792193, 266.86503744086997, 201.95337987458723]
(103697.55369878268,)
[35.64144355095377, 136.07851338455714, 351.42728912239573, 73.16130147768374, 33.52748385753523, 337.8683291201086, 14.20709305212051, 53.08119797734826, 70.25048824593296, 93.78034812463086, 359.7118978558144, 29.566128322279766, 324.4248087013906, 267.3070360965535, 44.7340138926815, 142.5291949602862, 30.810401439704037, 216.8063045595583, 311.32800296731324, 110.98127345792193, 266.86503744086997, 201.95337987458723]
(103697.55369878268,)
[35.64144355095377, 136.07851338455714, 351.42728912239573, 73.16130147768374, 33.52748385753523, 337.8683291201086, 14.20709305212051, 53.08119797734826, 70.25048824593296, 93.78034812463086, 359.7118978558144, 29.566128322279766, 324.4248087013906, 267.3070360965535, 44.7340138926815, 142.5291949602862, 30.810401439704037, 216.8063045595583, 311.32800296731324, 110.98127345792193, 266.86503744086997, 201.95337987458723]
(103697.55369878268,)
[35.64144355095377, 136.07851338455714, 351.42728912239573, 73.16130147768374, 33.52748385753523, 337.8683291201086, 14.20709305212051, 53.08119797734826, 70.25048824593296, 93.78034812463086, 359.7118978558144, 29.566128322279766, 324.4248087013906, 267.3070360965535, 44.7340138926815, 142.5291949602862, 30.810401439704037, 216.8063045595583, 311.32800296731324, 110.98127345792193, 266.86503744086997, 201.95337987458723]
(103697.55369878268,)
[35.64144355095377, 136.07851338455714, 351.42728912239573, 73.16130147768374, 33.52748385753523, 337.8683291201086, 14.20709305212051, 53.08119797734826, 70.25048824593296, 93.78034812463086, 359.7118978558144, 29.566128322279766, 324.4248087013906, 267.3070360965535, 44.7340138926815, 142.5291949602862, 30.810401439704037, 216.8063045595583, 311.32800296731324, 110.98127345792193, 266.86503744086997, 201.95337987458723]
(103697.55369878268,)
[35.64144355095377, 136.07851338455714, 351.42728912239573, 73.16130147768374, 33.52748385753523, 337.8683291201086, 14.20709305212051, 53.08119797734826, 70.25048824593296, 93.78034812463086, 359.7118978558144, 29.566128322279766, 324.4248087013906, 267.3070360965535, 44.7340138926815, 142.5291949602862, 30.810401439704037, 216.8063045595583, 311.32800296731324, 110.98127345792193, 266.86503744086997, 201.95337987458723]
(103697.55369878268,)
[35.64144355095377, 136.07851338455714, 351.42728912239573, 73.16130147768374, 33.52748385753523, 337.8683291201086, 14.20709305212051, 53.08119797734826, 70.25048824593296, 93.78034812463086, 359.7118978558144, 29.566128322279766, 324.4248087013906, 267.3070360965535, 44.7340138926815, 142.5291949602862, 30.810401439704037, 216.8063045595583, 311.32800296731324, 110.98127345792193, 266.86503744086997, 201.95337987458723]
(103697.55369878268,)
[35.64144355095377, 136.07851338455714, 351.42728912239573, 73.16130147768374, 33.52748385753523, 337.8683291201086, 14.20709305212051, 53.08119797734826, 70.25048824593296, 93.78034812463086, 359.7118978558144, 29.566128322279766, 324.4248087013906, 267.3070360965535, 44.7340138926815, 142.5291949602862, 30.810401439704037, 216.8063045595583, 311.32800296731324, 110.98127345792193, 266.86503744086997, 201.95337987458723]
(103697.55369878268,)
[35.64144355095377, 136.07851338455714, 351.42728912239573, 73.16130147768374, 33.52748385753523, 337.8683291201086, 14.20709305212051, 53.08119797734826, 70.25048824593296, 93.78034812463086, 359.7118978558144, 29.566128322279766, 324.4248087013906, 267.3070360965535, 44.7340138926815, 142.5291949602862, 30.810401439704037, 216.8063045595583, 311.32800296731324, 110.98127345792193, 266.86503744086997, 201.95337987458723]
(103697.55369878268,)
[35.64144355095377, 136.07851338455714, 351.42728912239573, 73.16130147768374, 33.52748385753523, 337.8683291201086, 14.20709305212051, 53.08119797734826, 70.25048824593296, 93.78034812463086, 359.7118978558144, 29.566128322279766, 324.4248087013906, 267.3070360965535, 44.7340138926815, 142.5291949602862, 30.810401439704037, 216.8063045595583, 311.32800296731324, 110.98127345792193, 266.86503744086997, 201.95337987458723]
(103697.55369878268,)
[35.64144355095377, 136.07851338455714, 351.42728912239573, 73.16130147768374, 33.52748385753523, 337.8683291201086, 14.20709305212051, 53.08119797734826, 70.25048824593296, 93.78034812463086, 359.7118978558144, 29.566128322279766, 324.4248087013906, 267.3070360965535, 44.7340138926815, 142.5291949602862, 30.810401439704037, 216.8063045595583, 311.32800296731324, 110.98127345792193, 266.86503744086997, 201.95337987458723]
(103697.55369878268,)
[35.64144355095377, 136.07851338455714, 351.42728912239573, 73.16130147768374, 33.52748385753523, 337.8683291201086, 14.20709305212051, 53.08119797734826, 70.25048824593296, 93.78034812463086, 359.7118978558144, 29.566128322279766, 324.4248087013906, 267.3070360965535, 44.7340138926815, 142.5291949602862, 30.810401439704037, 216.8063045595583, 311.32800296731324, 110.98127345792193, 266.86503744086997, 201.95337987458723]
(103697.55369878268,)
[35.64144355095377, 136.07851338455714, 351.42728912239573, 73.16130147768374, 33.52748385753523, 337.8683291201086, 14.20709305212051, 53.08119797734826, 70.25048824593296, 93.78034812463086, 359.7118978558144, 29.566128322279766, 324.4248087013906, 267.3070360965535, 44.7340138926815, 142.5291949602862, 30.810401439704037, 216.8063045595583, 311.32800296731324, 110.98127345792193, 266.86503744086997, 201.95337987458723]
(103697.55369878268,)
[35.64144355095377, 136.07851338455714, 351.42728912239573, 73.16130147768374, 33.52748385753523, 337.8683291201086, 14.20709305212051, 53.08119797734826, 70.25048824593296, 93.78034812463086, 359.7118978558144, 29.566128322279766, 324.4248087013906, 267.3070360965535, 44.7340138926815, 142.5291949602862, 30.810401439704037, 216.8063045595583, 311.32800296731324, 110.98127345792193, 266.86503744086997, 201.95337987458723]
(103697.55369878268,)
[35.64144355095377, 136.07851338455714, 351.42728912239573, 73.16130147768374, 33.52748385753523, 337.8683291201086, 14.20709305212051, 53.08119797734826, 70.25048824593296, 93.78034812463086, 359.7118978558144, 29.566128322279766, 324.4248087013906, 267.3070360965535, 44.7340138926815, 142.5291949602862, 30.810401439704037, 216.8063045595583, 311.32800296731324, 110.98127345792193, 266.86503744086997, 201.95337987458723]
(103697.55369878268,)
[35.64144355095377, 136.07851338455714, 351.42728912239573, 73.16130147768374, 33.52748385753523, 337.8683291201086, 14.20709305212051, 53.08119797734826, 70.25048824593296, 93.78034812463086, 359.7118978558144, 29.566128322279766, 324.4248087013906, 267.3070360965535, 44.7340138926815, 142.5291949602862, 30.810401439704037, 216.8063045595583, 311.32800296731324, 110.98127345792193, 266.86503744086997, 201.95337987458723]
(103697.55369878268,)
[35.64144355095377, 136.07851338455714, 351.42728912239573, 73.16130147768374, 33.52748385753523, 337.8683291201086, 14.20709305212051, 53.08119797734826, 70.25048824593296, 93.78034812463086, 359.7118978558144, 29.566128322279766, 324.4248087013906, 267.3070360965535, 44.7340138926815, 142.5291949602862, 30.810401439704037, 216.8063045595583, 311.32800296731324, 110.98127345792193, 266.86503744086997, 201.95337987458723]
(103697.55369878268,)
[35.64144355095377, 136.07851338455714, 351.42728912239573, 73.16130147768374, 33.52748385753523, 337.8683291201086, 14.20709305212051, 53.08119797734826, 70.25048824593296, 93.78034812463086, 359.7118978558144, 29.566128322279766, 324.4248087013906, 267.3070360965535, 44.7340138926815, 142.5291949602862, 30.810401439704037, 216.8063045595583, 311.32800296731324, 110.98127345792193, 266.86503744086997, 201.95337987458723]
(103697.55369878268,)
[35.64144355095377, 136.07851338455714, 351.42728912239573, 73.16130147768374, 33.52748385753523, 337.8683291201086, 14.20709305212051, 53.08119797734826, 70.25048824593296, 93.78034812463086, 359.7118978558144, 29.566128322279766, 324.4248087013906, 267.3070360965535, 44.7340138926815, 142.5291949602862, 30.810401439704037, 216.8063045595583, 311.32800296731324, 110.98127345792193, 266.86503744086997, 201.95337987458723]
(103697.55369878268,)
[35.64144355095377, 136.07851338455714, 351.42728912239573, 73.16130147768374, 33.52748385753523, 337.8683291201086, 14.20709305212051, 53.08119797734826, 70.25048824593296, 93.78034812463086, 359.7118978558144, 29.566128322279766, 324.4248087013906, 267.3070360965535, 44.7340138926815, 142.5291949602862, 30.810401439704037, 216.8063045595583, 311.32800296731324, 110.98127345792193, 266.86503744086997, 201.95337987458723]
(103697.55369878268,)
[35.64144355095377, 136.07851338455714, 351.42728912239573, 73.16130147768374, 33.52748385753523, 337.8683291201086, 14.20709305212051, 53.08119797734826, 70.25048824593296, 93.78034812463086, 359.7118978558144, 29.566128322279766, 324.4248087013906, 267.3070360965535, 44.7340138926815, 142.5291949602862, 30.810401439704037, 216.8063045595583, 311.32800296731324, 110.98127345792193, 266.86503744086997, 201.95337987458723]
(103697.55369878268,)
[35.64144355095377, 136.07851338455714, 351.42728912239573, 73.16130147768374, 33.52748385753523, 337.8683291201086, 14.20709305212051, 53.08119797734826, 70.25048824593296, 93.78034812463086, 359.7118978558144, 29.566128322279766, 324.4248087013906, 267.3070360965535, 44.7340138926815, 142.5291949602862, 30.810401439704037, 216.8063045595583, 311.32800296731324, 110.98127345792193, 266.86503744086997, 201.95337987458723]
(103697.55369878268,)
[35.64144355095377, 136.07851338455714, 351.42728912239573, 73.16130147768374, 33.52748385753523, 337.8683291201086, 14.20709305212051, 53.08119797734826, 70.25048824593296, 93.78034812463086, 359.7118978558144, 29.566128322279766, 324.4248087013906, 267.3070360965535, 44.7340138926815, 142.5291949602862, 30.810401439704037, 216.8063045595583, 311.32800296731324, 110.98127345792193, 266.86503744086997, 201.95337987458723]
(103697.55369878268,)
[35.64144355095377, 136.07851338455714, 351.42728912239573, 73.16130147768374, 33.52748385753523, 337.8683291201086, 14.20709305212051, 53.08119797734826, 70.25048824593296, 93.78034812463086, 359.7118978558144, 29.566128322279766, 324.4248087013906, 267.3070360965535, 44.7340138926815, 142.5291949602862, 30.810401439704037, 216.8063045595583, 311.32800296731324, 110.98127345792193, 266.86503744086997, 201.95337987458723]
(103697.55369878268,)
[35.64144355095377, 136.07851338455714, 351.42728912239573, 73.16130147768374, 33.52748385753523, 337.8683291201086, 14.20709305212051, 53.08119797734826, 70.25048824593296, 93.78034812463086, 359.7118978558144, 29.566128322279766, 324.4248087013906, 267.3070360965535, 44.7340138926815, 142.5291949602862, 30.810401439704037, 216.8063045595583, 311.32800296731324, 110.98127345792193, 266.86503744086997, 201.95337987458723]
(103697.55369878268,)
[35.64144355095377, 136.07851338455714, 351.42728912239573, 73.16130147768374, 33.52748385753523, 337.8683291201086, 14.20709305212051, 53.08119797734826, 70.25048824593296, 93.78034812463086, 359.7118978558144, 29.566128322279766, 324.4248087013906, 267.3070360965535, 44.7340138926815, 142.5291949602862, 30.810401439704037, 216.8063045595583, 311.32800296731324, 110.98127345792193, 266.86503744086997, 201.95337987458723]
(103697.55369878268,)
[35.64144355095377, 136.07851338455714, 351.42728912239573, 73.16130147768374, 33.52748385753523, 337.8683291201086, 14.20709305212051, 53.08119797734826, 70.25048824593296, 93.78034812463086, 359.7118978558144, 29.566128322279766, 324.4248087013906, 267.3070360965535, 44.7340138926815, 142.5291949602862, 30.810401439704037, 216.8063045595583, 311.32800296731324, 110.98127345792193, 266.86503744086997, 201.95337987458723]
(103697.55369878268,)
[35.64144355095377, 136.07851338455714, 351.42728912239573, 73.16130147768374, 33.52748385753523, 337.8683291201086, 14.20709305212051, 53.08119797734826, 70.25048824593296, 93.78034812463086, 359.7118978558144, 29.566128322279766, 324.4248087013906, 267.3070360965535, 44.7340138926815, 142.5291949602862, 30.810401439704037, 216.8063045595583, 311.32800296731324, 110.98127345792193, 266.86503744086997, 201.95337987458723]
(103697.55369878268,)
[35.64144355095377, 136.07851338455714, 351.42728912239573, 73.16130147768374, 33.52748385753523, 337.8683291201086, 14.20709305212051, 53.08119797734826, 70.25048824593296, 93.78034812463086, 359.7118978558144, 29.566128322279766, 324.4248087013906, 267.3070360965535, 44.7340138926815, 142.5291949602862, 30.810401439704037, 216.8063045595583, 311.32800296731324, 110.98127345792193, 266.86503744086997, 201.95337987458723]
(103697.55369878268,)
[35.64144355095377, 136.07851338455714, 351.42728912239573, 73.16130147768374, 33.52748385753523, 337.8683291201086, 14.20709305212051, 53.08119797734826, 70.25048824593296, 93.78034812463086, 359.7118978558144, 29.566128322279766, 324.4248087013906, 267.3070360965535, 44.7340138926815, 142.5291949602862, 30.810401439704037, 216.8063045595583, 311.32800296731324, 110.98127345792193, 266.86503744086997, 201.95337987458723]
(103697.55369878268,)
[35.64144355095377, 136.07851338455714, 351.42728912239573, 73.16130147768374, 33.52748385753523, 337.8683291201086, 14.20709305212051, 53.08119797734826, 70.25048824593296, 93.78034812463086, 359.7118978558144, 29.566128322279766, 324.4248087013906, 267.3070360965535, 44.7340138926815, 142.5291949602862, 30.810401439704037, 216.8063045595583, 311.32800296731324, 110.98127345792193, 266.86503744086997, 201.95337987458723]
(103697.55369878268,)
