111438.20121691727
111438.20121691727
111438.20121691727
111438.20121691727
110874.07164489072
110874.07164489072
110833.67581989328
110833.67581989328
110833.67581989328
110833.67581989328
110833.67581989328
110833.67581989328
110833.67581989328
110833.67581989328
110563.18757671693
110563.18757671693
110563.18757671693
110563.18757671693
110563.18757671693
110563.18757671693
110563.18757671693
110563.18757671693
110563.18757671693
110563.18757671693
110563.18757671693
110563.18757671693
110563.18757671693
110563.18757671693
110563.18757671693
110563.18757671693
110563.18757671693
110563.18757671693
110563.18757671693
110563.18757671693
110474.44193555132
110474.44193555132
110474.44193555132
110474.44193555132
110474.44193555132
110474.44193555132
110474.44193555132
110474.44193555132
110474.44193555132
110357.19446803081
110357.19446803081
110357.19446803081
110242.00449150628
110242.00449150628
110242.00449150628
110242.00449150628
110242.00449150628
110242.00449150628
110242.00449150628
110242.00449150628
110242.00449150628
110242.00449150628
110242.00449150628
110242.00449150628
110242.00449150628
110242.00449150628
110242.00449150628
110242.00449150628
110242.00449150628
110242.00449150628
110242.00449150628
110242.00449150628
110242.00449150628
110242.00449150628
110242.00449150628
110225.76003508759
110225.76003508759
110225.76003508759
110225.76003508759
110225.76003508759
110225.76003508759
110225.76003508759
110044.38852369544
110044.38852369544
110044.38852369544
110044.38852369544
110044.38852369544
110044.38852369544
110044.38852369544
110044.38852369544
110001.70162230027
110001.70162230027
110001.70162230027
110001.70162230027
110001.70162230027
110001.70162230027
110001.70162230027
110001.70162230027
110001.70162230027
110001.70162230027
110001.70162230027
110001.70162230027
110001.70162230027
110001.70162230027
110001.70162230027
