[59.63264548273851, 267.782663328945, 21.792230640949413, 320.2401440417589, 120.8402532594357, 328.4654760485914, 333.572375626897, 18.526432304347303, 96.37559984930331, 135.9193761559237, 100.11460091030065, 56.58275244046827, 65.20575832386638, 236.86831699879718, 94.99636109389562, 222.87937855786282, 98.07968525126557, 289.90068386882257, 143.3001161832366, 1.2848097666388814, 71.93823603927311, 10.665639413892421, 21.271880005167617, 94.81602149374012, 21.129278739833026, 277.62154704541695, 356.7051283192712, 269.67170445435966]
(111274.26219598392,)
[59.63264548273851, 267.782663328945, 21.792230640949413, 320.2401440417589, 120.8402532594357, 328.4654760485914, 333.572375626897, 18.526432304347303, 96.37559984930331, 135.9193761559237, 100.11460091030065, 56.58275244046827, 65.20575832386638, 236.86831699879718, 94.99636109389562, 222.87937855786282, 98.07968525126557, 289.90068386882257, 143.3001161832366, 1.2848097666388814, 71.93823603927311, 10.665639413892421, 21.271880005167617, 94.81602149374012, 21.129278739833026, 277.62154704541695, 356.7051283192712, 269.67170445435966]
(111274.26219598392,)
[59.63264548273851, 267.782663328945, 21.792230640949413, 320.2401440417589, 120.8402532594357, 328.4654760485914, 333.572375626897, 18.526432304347303, 96.37559984930331, 135.9193761559237, 100.11460091030065, 56.58275244046827, 65.20575832386638, 236.86831699879718, 94.99636109389562, 222.87937855786282, 98.07968525126557, 289.90068386882257, 143.3001161832366, 1.2848097666388814, 71.93823603927311, 10.665639413892421, 21.271880005167617, 94.81602149374012, 21.129278739833026, 277.62154704541695, 356.7051283192712, 269.67170445435966]
(111274.26219598392,)
[59.63264548273851, 267.782663328945, 21.792230640949413, 320.2401440417589, 120.8402532594357, 328.4654760485914, 333.572375626897, 18.526432304347303, 96.37559984930331, 135.9193761559237, 100.11460091030065, 56.58275244046827, 65.20575832386638, 236.86831699879718, 94.99636109389562, 222.87937855786282, 98.07968525126557, 289.90068386882257, 143.3001161832366, 1.2848097666388814, 71.93823603927311, 10.665639413892421, 21.271880005167617, 94.81602149374012, 21.129278739833026, 277.62154704541695, 356.7051283192712, 269.67170445435966]
(111274.26219598392,)
[7.118708011346979, 320.73053684069015, 174.97891766896777, 211.08861931396953, 288.48366028310824, 96.4513340470896, 138.64890787701353, 116.57425736985692, 46.71033085916724, 57.085072710010486, 24.229856825980622, 31.231703601790635, 59.311159890540196, 131.41298119324478, 3.9408569347606637, 275.12378892027635, 75.59241127376829, 346.46519503749704, 225.8629075013418, 23.352429417111935, 126.20021870284921, 327.0070956115048, 299.74335460956434, 145.1883440589549, 337.4315945354424, 184.26037755988338, 168.287409264525, 150.2090487218638]
(111171.8822676897,)
[7.118708011346979, 320.73053684069015, 174.97891766896777, 211.08861931396953, 288.48366028310824, 96.4513340470896, 138.64890787701353, 116.57425736985692, 46.71033085916724, 57.085072710010486, 24.229856825980622, 31.231703601790635, 59.311159890540196, 131.41298119324478, 3.9408569347606637, 275.12378892027635, 75.59241127376829, 346.46519503749704, 225.8629075013418, 23.352429417111935, 126.20021870284921, 327.0070956115048, 299.74335460956434, 145.1883440589549, 337.4315945354424, 184.26037755988338, 168.287409264525, 150.2090487218638]
(111171.8822676897,)
[358.1590069931354, 135.76292403081243, 299.85511082644734, 0.8121973422609869, 117.28932687111148, 96.24123148868762, 291.72586729060635, 168.6717338276596, 308.1433814394139, 152.34098931985844, 96.35557561507233, 348.2906100186504, 6.308566436755456, 342.3792975801054, 2.3011527113559396, 157.52615230278585, 4.947991391065196, 218.06399485466187, 256.9435484489623, 52.62284363180993, 218.8214630429862, 325.7820465955199, 289.21276574943596, 268.26744509217235, 355.67297659633294, 334.4674868541971, 171.19280963265498, 342.25730931176037]
(110976.51014705027,)
[358.1590069931354, 135.76292403081243, 299.85511082644734, 0.8121973422609869, 117.28932687111148, 96.24123148868762, 291.72586729060635, 168.6717338276596, 308.1433814394139, 152.34098931985844, 96.35557561507233, 348.2906100186504, 6.308566436755456, 342.3792975801054, 2.3011527113559396, 157.52615230278585, 4.947991391065196, 218.06399485466187, 256.9435484489623, 52.62284363180993, 218.8214630429862, 325.7820465955199, 289.21276574943596, 268.26744509217235, 355.67297659633294, 334.4674868541971, 171.19280963265498, 342.25730931176037]
(110976.51014705027,)
[358.1590069931354, 135.76292403081243, 299.85511082644734, 0.8121973422609869, 117.28932687111148, 96.24123148868762, 291.72586729060635, 168.6717338276596, 308.1433814394139, 152.34098931985844, 96.35557561507233, 348.2906100186504, 6.308566436755456, 342.3792975801054, 2.3011527113559396, 157.52615230278585, 4.947991391065196, 218.06399485466187, 256.9435484489623, 52.62284363180993, 218.8214630429862, 325.7820465955199, 289.21276574943596, 268.26744509217235, 355.67297659633294, 334.4674868541971, 171.19280963265498, 342.25730931176037]
(110976.51014705027,)
[170.1091730420865, 103.61399792839137, 223.19685170966125, 90.48176840233629, 46.135708842348535, 327.23997313071357, 133.85718526640775, 103.10967807311297, 75.5627505333004, 48.54694410790127, 78.5853071533727, 75.59575626762052, 75.33452790119848, 8.561537567303802, 323.52293407485746, 164.916192206922, 93.881780526164, 233.70662736013955, 357.1126536627688, 238.5251502238213, 208.08070434163486, 341.5564672347554, 102.54648620684472, 169.48517003172716, 183.9288631752463, 249.63966750666054, 282.74976269767643, 180.8041797040734]
(110741.69007802327,)
[11.095321659041744, 105.32367906671396, 31.14092176370601, 40.55190606035076, 304.2611137605901, 86.7774728325706, 19.516568008169145, 21.78431665484578, 67.64164611092559, 141.01015532588767, 94.18096887568497, 18.09082137561151, 12.629002374110087, 351.8967401229826, 53.453000740683024, 227.51917023982716, 202.3109911120881, 138.29319364169356, 156.22782839003497, 197.34328129594016, 229.31587568145312, 212.47508972882665, 125.4851746003338, 10.625045574101787, 230.1363874698906, 35.982234880608914, 343.9080338616618, 259.3564973435038]
(109922.8366824795,)
[11.095321659041744, 105.32367906671396, 31.14092176370601, 40.55190606035076, 304.2611137605901, 86.7774728325706, 19.516568008169145, 21.78431665484578, 67.64164611092559, 141.01015532588767, 94.18096887568497, 18.09082137561151, 12.629002374110087, 351.8967401229826, 53.453000740683024, 227.51917023982716, 202.3109911120881, 138.29319364169356, 156.22782839003497, 197.34328129594016, 229.31587568145312, 212.47508972882665, 125.4851746003338, 10.625045574101787, 230.1363874698906, 35.982234880608914, 343.9080338616618, 259.3564973435038]
(109922.8366824795,)
[11.095321659041744, 105.32367906671396, 31.14092176370601, 40.55190606035076, 304.2611137605901, 86.7774728325706, 19.516568008169145, 21.78431665484578, 67.64164611092559, 141.01015532588767, 94.18096887568497, 18.09082137561151, 12.629002374110087, 351.8967401229826, 53.453000740683024, 227.51917023982716, 202.3109911120881, 138.29319364169356, 156.22782839003497, 197.34328129594016, 229.31587568145312, 212.47508972882665, 125.4851746003338, 10.625045574101787, 230.1363874698906, 35.982234880608914, 343.9080338616618, 259.3564973435038]
(109922.8366824795,)
[11.095321659041744, 172.94805006427418, 31.14092176370601, 40.55190606035076, 304.2611137605901, 86.7774728325706, 19.516568008169145, 21.78431665484578, 67.64164611092559, 141.01015532588767, 94.18096887568497, 18.09082137561151, 12.629002374110087, 351.8967401229826, 53.453000740683024, 227.51917023982716, 247.3679928981674, 58.99589682073931, 156.22782839003497, 197.34328129594016, 229.31587568145312, 30.24663682578651, 285.92189768705435, 10.625045574101787, 52.56916763007057, 35.982234880608914, 343.9080338616618, 55.259379897985845]
(109843.1525597935,)
[11.095321659041744, 172.94805006427418, 31.14092176370601, 40.55190606035076, 304.2611137605901, 86.7774728325706, 19.516568008169145, 21.78431665484578, 67.64164611092559, 141.01015532588767, 94.18096887568497, 18.09082137561151, 12.629002374110087, 351.8967401229826, 53.453000740683024, 227.51917023982716, 247.3679928981674, 58.99589682073931, 156.22782839003497, 197.34328129594016, 229.31587568145312, 30.24663682578651, 285.92189768705435, 10.625045574101787, 52.56916763007057, 35.982234880608914, 343.9080338616618, 55.259379897985845]
(109843.1525597935,)
[11.095321659041744, 172.94805006427418, 31.14092176370601, 40.55190606035076, 304.2611137605901, 86.7774728325706, 19.516568008169145, 21.78431665484578, 67.64164611092559, 141.01015532588767, 94.18096887568497, 18.09082137561151, 12.629002374110087, 351.8967401229826, 53.453000740683024, 227.51917023982716, 247.3679928981674, 58.99589682073931, 156.22782839003497, 197.34328129594016, 229.31587568145312, 30.24663682578651, 285.92189768705435, 10.625045574101787, 52.56916763007057, 35.982234880608914, 343.9080338616618, 55.259379897985845]
(109843.1525597935,)
[11.095321659041744, 172.94805006427418, 31.14092176370601, 40.55190606035076, 304.2611137605901, 86.7774728325706, 19.516568008169145, 21.78431665484578, 67.64164611092559, 141.01015532588767, 94.18096887568497, 18.09082137561151, 12.629002374110087, 351.8967401229826, 53.453000740683024, 227.51917023982716, 247.3679928981674, 58.99589682073931, 156.22782839003497, 197.34328129594016, 229.31587568145312, 30.24663682578651, 285.92189768705435, 10.625045574101787, 52.56916763007057, 35.982234880608914, 343.9080338616618, 55.259379897985845]
(109843.1525597935,)
[11.095321659041744, 172.94805006427418, 31.14092176370601, 40.55190606035076, 304.2611137605901, 86.7774728325706, 19.516568008169145, 21.78431665484578, 67.64164611092559, 141.01015532588767, 94.18096887568497, 18.09082137561151, 12.629002374110087, 351.8967401229826, 53.453000740683024, 227.51917023982716, 247.3679928981674, 58.99589682073931, 156.22782839003497, 197.34328129594016, 229.31587568145312, 30.24663682578651, 285.92189768705435, 10.625045574101787, 52.56916763007057, 35.982234880608914, 343.9080338616618, 55.259379897985845]
(109843.1525597935,)
[11.095321659041744, 172.94805006427418, 31.14092176370601, 40.55190606035076, 304.2611137605901, 86.7774728325706, 19.516568008169145, 21.78431665484578, 67.64164611092559, 141.01015532588767, 94.18096887568497, 18.09082137561151, 12.629002374110087, 351.8967401229826, 53.453000740683024, 227.51917023982716, 247.3679928981674, 58.99589682073931, 156.22782839003497, 197.34328129594016, 229.31587568145312, 30.24663682578651, 285.92189768705435, 10.625045574101787, 52.56916763007057, 35.982234880608914, 343.9080338616618, 55.259379897985845]
(109843.1525597935,)
[11.095321659041744, 172.94805006427418, 31.14092176370601, 40.55190606035076, 304.2611137605901, 86.7774728325706, 19.516568008169145, 21.78431665484578, 67.64164611092559, 141.01015532588767, 94.18096887568497, 18.09082137561151, 12.629002374110087, 351.8967401229826, 53.453000740683024, 227.51917023982716, 247.3679928981674, 58.99589682073931, 156.22782839003497, 197.34328129594016, 229.31587568145312, 30.24663682578651, 285.92189768705435, 10.625045574101787, 52.56916763007057, 35.982234880608914, 343.9080338616618, 55.259379897985845]
(109843.1525597935,)
[11.095321659041744, 172.94805006427418, 31.14092176370601, 40.55190606035076, 304.2611137605901, 86.7774728325706, 19.516568008169145, 21.78431665484578, 67.64164611092559, 141.01015532588767, 94.18096887568497, 18.09082137561151, 12.629002374110087, 351.8967401229826, 53.453000740683024, 227.51917023982716, 247.3679928981674, 58.99589682073931, 156.22782839003497, 197.34328129594016, 229.31587568145312, 30.24663682578651, 285.92189768705435, 10.625045574101787, 52.56916763007057, 35.982234880608914, 343.9080338616618, 55.259379897985845]
(109843.1525597935,)
[11.095321659041744, 172.94805006427418, 31.14092176370601, 40.55190606035076, 304.2611137605901, 86.7774728325706, 19.516568008169145, 21.78431665484578, 67.64164611092559, 141.01015532588767, 94.18096887568497, 18.09082137561151, 12.629002374110087, 351.8967401229826, 53.453000740683024, 227.51917023982716, 247.3679928981674, 58.99589682073931, 156.22782839003497, 197.34328129594016, 229.31587568145312, 30.24663682578651, 285.92189768705435, 10.625045574101787, 52.56916763007057, 35.982234880608914, 343.9080338616618, 55.259379897985845]
(109843.1525597935,)
[11.095321659041744, 172.94805006427418, 31.14092176370601, 40.55190606035076, 304.2611137605901, 86.7774728325706, 19.516568008169145, 21.78431665484578, 67.64164611092559, 141.01015532588767, 94.18096887568497, 18.09082137561151, 12.629002374110087, 351.8967401229826, 53.453000740683024, 227.51917023982716, 247.3679928981674, 58.99589682073931, 156.22782839003497, 197.34328129594016, 229.31587568145312, 30.24663682578651, 285.92189768705435, 10.625045574101787, 52.56916763007057, 35.982234880608914, 343.9080338616618, 55.259379897985845]
(109843.1525597935,)
[11.095321659041744, 172.94805006427418, 31.14092176370601, 40.55190606035076, 304.2611137605901, 86.7774728325706, 19.516568008169145, 21.78431665484578, 67.64164611092559, 141.01015532588767, 94.18096887568497, 18.09082137561151, 12.629002374110087, 351.8967401229826, 53.453000740683024, 227.51917023982716, 247.3679928981674, 58.99589682073931, 156.22782839003497, 197.34328129594016, 229.31587568145312, 30.24663682578651, 285.92189768705435, 10.625045574101787, 52.56916763007057, 35.982234880608914, 343.9080338616618, 55.259379897985845]
(109843.1525597935,)
[11.095321659041744, 172.94805006427418, 31.14092176370601, 40.55190606035076, 304.2611137605901, 86.7774728325706, 19.516568008169145, 21.78431665484578, 67.64164611092559, 141.01015532588767, 94.18096887568497, 18.09082137561151, 12.629002374110087, 351.8967401229826, 53.453000740683024, 227.51917023982716, 247.3679928981674, 58.99589682073931, 156.22782839003497, 197.34328129594016, 229.31587568145312, 30.24663682578651, 285.92189768705435, 10.625045574101787, 52.56916763007057, 35.982234880608914, 343.9080338616618, 55.259379897985845]
(109843.1525597935,)
[11.095321659041744, 172.94805006427418, 31.14092176370601, 40.55190606035076, 304.2611137605901, 86.7774728325706, 19.516568008169145, 21.78431665484578, 67.64164611092559, 141.01015532588767, 94.18096887568497, 18.09082137561151, 12.629002374110087, 351.8967401229826, 53.453000740683024, 227.51917023982716, 247.3679928981674, 58.99589682073931, 156.22782839003497, 197.34328129594016, 229.31587568145312, 30.24663682578651, 285.92189768705435, 10.625045574101787, 52.56916763007057, 35.982234880608914, 343.9080338616618, 55.259379897985845]
(109843.1525597935,)
[11.095321659041744, 172.94805006427418, 31.14092176370601, 40.55190606035076, 304.2611137605901, 86.7774728325706, 19.516568008169145, 21.78431665484578, 67.64164611092559, 141.01015532588767, 94.18096887568497, 18.09082137561151, 12.629002374110087, 351.8967401229826, 53.453000740683024, 227.51917023982716, 247.3679928981674, 58.99589682073931, 156.22782839003497, 197.34328129594016, 229.31587568145312, 30.24663682578651, 285.92189768705435, 10.625045574101787, 52.56916763007057, 35.982234880608914, 343.9080338616618, 55.259379897985845]
(109843.1525597935,)
[11.095321659041744, 172.94805006427418, 31.14092176370601, 40.55190606035076, 304.2611137605901, 86.7774728325706, 19.516568008169145, 21.78431665484578, 67.64164611092559, 141.01015532588767, 94.18096887568497, 18.09082137561151, 12.629002374110087, 351.8967401229826, 53.453000740683024, 227.51917023982716, 247.3679928981674, 58.99589682073931, 156.22782839003497, 197.34328129594016, 229.31587568145312, 30.24663682578651, 285.92189768705435, 10.625045574101787, 52.56916763007057, 35.982234880608914, 343.9080338616618, 55.259379897985845]
(109843.1525597935,)
[11.095321659041744, 172.94805006427418, 31.14092176370601, 40.55190606035076, 304.2611137605901, 86.7774728325706, 19.516568008169145, 21.78431665484578, 67.64164611092559, 141.01015532588767, 94.18096887568497, 18.09082137561151, 12.629002374110087, 351.8967401229826, 53.453000740683024, 227.51917023982716, 247.3679928981674, 58.99589682073931, 156.22782839003497, 197.34328129594016, 229.31587568145312, 30.24663682578651, 285.92189768705435, 10.625045574101787, 52.56916763007057, 35.982234880608914, 343.9080338616618, 55.259379897985845]
(109843.1525597935,)
[11.095321659041744, 172.94805006427418, 31.14092176370601, 40.55190606035076, 304.2611137605901, 86.7774728325706, 19.516568008169145, 21.78431665484578, 67.64164611092559, 141.01015532588767, 94.18096887568497, 18.09082137561151, 12.629002374110087, 351.8967401229826, 53.453000740683024, 227.51917023982716, 247.3679928981674, 58.99589682073931, 156.22782839003497, 197.34328129594016, 229.31587568145312, 30.24663682578651, 285.92189768705435, 10.625045574101787, 52.56916763007057, 35.982234880608914, 343.9080338616618, 55.259379897985845]
(109843.1525597935,)
[11.095321659041744, 172.94805006427418, 31.14092176370601, 40.55190606035076, 304.2611137605901, 86.7774728325706, 19.516568008169145, 21.78431665484578, 67.64164611092559, 141.01015532588767, 94.18096887568497, 18.09082137561151, 12.629002374110087, 351.8967401229826, 53.453000740683024, 227.51917023982716, 247.3679928981674, 58.99589682073931, 156.22782839003497, 197.34328129594016, 229.31587568145312, 30.24663682578651, 285.92189768705435, 10.625045574101787, 52.56916763007057, 35.982234880608914, 343.9080338616618, 55.259379897985845]
(109843.1525597935,)
[11.095321659041744, 172.94805006427418, 31.14092176370601, 40.55190606035076, 304.2611137605901, 86.7774728325706, 19.516568008169145, 21.78431665484578, 67.64164611092559, 141.01015532588767, 94.18096887568497, 18.09082137561151, 12.629002374110087, 351.8967401229826, 53.453000740683024, 227.51917023982716, 247.3679928981674, 58.99589682073931, 156.22782839003497, 197.34328129594016, 229.31587568145312, 30.24663682578651, 285.92189768705435, 10.625045574101787, 52.56916763007057, 35.982234880608914, 343.9080338616618, 55.259379897985845]
(109843.1525597935,)
[11.095321659041744, 172.94805006427418, 31.14092176370601, 40.55190606035076, 304.2611137605901, 86.7774728325706, 19.516568008169145, 21.78431665484578, 67.64164611092559, 141.01015532588767, 94.18096887568497, 18.09082137561151, 12.629002374110087, 351.8967401229826, 53.453000740683024, 227.51917023982716, 247.3679928981674, 58.99589682073931, 156.22782839003497, 197.34328129594016, 229.31587568145312, 30.24663682578651, 285.92189768705435, 10.625045574101787, 52.56916763007057, 35.982234880608914, 343.9080338616618, 55.259379897985845]
(109843.1525597935,)
[11.095321659041744, 172.94805006427418, 31.14092176370601, 40.55190606035076, 304.2611137605901, 86.7774728325706, 19.516568008169145, 21.78431665484578, 67.64164611092559, 141.01015532588767, 94.18096887568497, 18.09082137561151, 12.629002374110087, 351.8967401229826, 53.453000740683024, 227.51917023982716, 247.3679928981674, 58.99589682073931, 156.22782839003497, 197.34328129594016, 229.31587568145312, 30.24663682578651, 285.92189768705435, 10.625045574101787, 52.56916763007057, 35.982234880608914, 343.9080338616618, 55.259379897985845]
(109843.1525597935,)
[11.095321659041744, 172.94805006427418, 31.14092176370601, 40.55190606035076, 304.2611137605901, 86.7774728325706, 19.516568008169145, 21.78431665484578, 67.64164611092559, 141.01015532588767, 94.18096887568497, 18.09082137561151, 12.629002374110087, 351.8967401229826, 53.453000740683024, 227.51917023982716, 247.3679928981674, 58.99589682073931, 156.22782839003497, 197.34328129594016, 229.31587568145312, 30.24663682578651, 285.92189768705435, 10.625045574101787, 52.56916763007057, 35.982234880608914, 343.9080338616618, 55.259379897985845]
(109843.1525597935,)
[11.095321659041744, 172.94805006427418, 31.14092176370601, 40.55190606035076, 304.2611137605901, 86.7774728325706, 19.516568008169145, 21.78431665484578, 67.64164611092559, 141.01015532588767, 94.18096887568497, 18.09082137561151, 12.629002374110087, 351.8967401229826, 53.453000740683024, 227.51917023982716, 247.3679928981674, 58.99589682073931, 156.22782839003497, 197.34328129594016, 229.31587568145312, 30.24663682578651, 285.92189768705435, 10.625045574101787, 52.56916763007057, 35.982234880608914, 343.9080338616618, 55.259379897985845]
(109843.1525597935,)
[11.095321659041744, 172.94805006427418, 31.14092176370601, 40.55190606035076, 304.2611137605901, 86.7774728325706, 19.516568008169145, 21.78431665484578, 67.64164611092559, 141.01015532588767, 94.18096887568497, 18.09082137561151, 12.629002374110087, 351.8967401229826, 53.453000740683024, 227.51917023982716, 247.3679928981674, 58.99589682073931, 156.22782839003497, 197.34328129594016, 229.31587568145312, 30.24663682578651, 285.92189768705435, 10.625045574101787, 52.56916763007057, 35.982234880608914, 343.9080338616618, 55.259379897985845]
(109843.1525597935,)
[11.095321659041744, 172.94805006427418, 31.14092176370601, 40.55190606035076, 304.2611137605901, 86.7774728325706, 19.516568008169145, 21.78431665484578, 67.64164611092559, 141.01015532588767, 94.18096887568497, 18.09082137561151, 12.629002374110087, 351.8967401229826, 53.453000740683024, 227.51917023982716, 247.3679928981674, 58.99589682073931, 156.22782839003497, 197.34328129594016, 229.31587568145312, 30.24663682578651, 285.92189768705435, 10.625045574101787, 52.56916763007057, 35.982234880608914, 343.9080338616618, 55.259379897985845]
(109843.1525597935,)
[11.095321659041744, 172.94805006427418, 31.14092176370601, 40.55190606035076, 304.2611137605901, 86.7774728325706, 19.516568008169145, 21.78431665484578, 67.64164611092559, 141.01015532588767, 94.18096887568497, 18.09082137561151, 12.629002374110087, 351.8967401229826, 53.453000740683024, 227.51917023982716, 247.3679928981674, 58.99589682073931, 156.22782839003497, 197.34328129594016, 229.31587568145312, 30.24663682578651, 285.92189768705435, 10.625045574101787, 52.56916763007057, 35.982234880608914, 343.9080338616618, 55.259379897985845]
(109843.1525597935,)
[11.095321659041744, 172.94805006427418, 31.14092176370601, 40.55190606035076, 304.2611137605901, 86.7774728325706, 19.516568008169145, 21.78431665484578, 67.64164611092559, 141.01015532588767, 94.18096887568497, 18.09082137561151, 12.629002374110087, 351.8967401229826, 53.453000740683024, 227.51917023982716, 247.3679928981674, 58.99589682073931, 156.22782839003497, 197.34328129594016, 229.31587568145312, 30.24663682578651, 285.92189768705435, 10.625045574101787, 52.56916763007057, 35.982234880608914, 343.9080338616618, 55.259379897985845]
(109843.1525597935,)
[11.095321659041744, 172.94805006427418, 31.14092176370601, 40.55190606035076, 304.2611137605901, 86.7774728325706, 19.516568008169145, 21.78431665484578, 67.64164611092559, 141.01015532588767, 94.18096887568497, 18.09082137561151, 12.629002374110087, 351.8967401229826, 53.453000740683024, 227.51917023982716, 247.3679928981674, 58.99589682073931, 156.22782839003497, 197.34328129594016, 229.31587568145312, 30.24663682578651, 285.92189768705435, 10.625045574101787, 52.56916763007057, 35.982234880608914, 343.9080338616618, 55.259379897985845]
(109843.1525597935,)
[11.095321659041744, 172.94805006427418, 31.14092176370601, 40.55190606035076, 304.2611137605901, 86.7774728325706, 19.516568008169145, 21.78431665484578, 67.64164611092559, 141.01015532588767, 94.18096887568497, 18.09082137561151, 12.629002374110087, 351.8967401229826, 53.453000740683024, 227.51917023982716, 247.3679928981674, 58.99589682073931, 156.22782839003497, 197.34328129594016, 229.31587568145312, 30.24663682578651, 285.92189768705435, 10.625045574101787, 52.56916763007057, 35.982234880608914, 343.9080338616618, 55.259379897985845]
(109843.1525597935,)
[11.095321659041744, 172.94805006427418, 31.14092176370601, 40.55190606035076, 304.2611137605901, 86.7774728325706, 19.516568008169145, 21.78431665484578, 67.64164611092559, 141.01015532588767, 94.18096887568497, 18.09082137561151, 12.629002374110087, 351.8967401229826, 53.453000740683024, 227.51917023982716, 247.3679928981674, 58.99589682073931, 156.22782839003497, 197.34328129594016, 229.31587568145312, 30.24663682578651, 285.92189768705435, 10.625045574101787, 52.56916763007057, 35.982234880608914, 343.9080338616618, 55.259379897985845]
(109843.1525597935,)
[11.095321659041744, 172.94805006427418, 31.14092176370601, 40.55190606035076, 304.2611137605901, 86.7774728325706, 19.516568008169145, 21.78431665484578, 67.64164611092559, 141.01015532588767, 94.18096887568497, 18.09082137561151, 12.629002374110087, 351.8967401229826, 53.453000740683024, 227.51917023982716, 247.3679928981674, 58.99589682073931, 156.22782839003497, 197.34328129594016, 229.31587568145312, 30.24663682578651, 285.92189768705435, 10.625045574101787, 52.56916763007057, 35.982234880608914, 343.9080338616618, 55.259379897985845]
(109843.1525597935,)
[11.095321659041744, 172.94805006427418, 31.14092176370601, 40.55190606035076, 304.2611137605901, 86.7774728325706, 19.516568008169145, 21.78431665484578, 67.64164611092559, 141.01015532588767, 94.18096887568497, 18.09082137561151, 12.629002374110087, 351.8967401229826, 53.453000740683024, 227.51917023982716, 247.3679928981674, 58.99589682073931, 156.22782839003497, 197.34328129594016, 229.31587568145312, 30.24663682578651, 285.92189768705435, 10.625045574101787, 52.56916763007057, 35.982234880608914, 343.9080338616618, 55.259379897985845]
(109843.1525597935,)
[11.095321659041744, 172.94805006427418, 31.14092176370601, 40.55190606035076, 304.2611137605901, 86.7774728325706, 19.516568008169145, 21.78431665484578, 67.64164611092559, 141.01015532588767, 94.18096887568497, 18.09082137561151, 12.629002374110087, 351.8967401229826, 53.453000740683024, 227.51917023982716, 247.3679928981674, 58.99589682073931, 156.22782839003497, 197.34328129594016, 229.31587568145312, 30.24663682578651, 285.92189768705435, 10.625045574101787, 52.56916763007057, 35.982234880608914, 343.9080338616618, 55.259379897985845]
(109843.1525597935,)
[11.095321659041744, 172.94805006427418, 31.14092176370601, 40.55190606035076, 304.2611137605901, 86.7774728325706, 19.516568008169145, 21.78431665484578, 67.64164611092559, 141.01015532588767, 94.18096887568497, 18.09082137561151, 12.629002374110087, 351.8967401229826, 53.453000740683024, 227.51917023982716, 247.3679928981674, 58.99589682073931, 156.22782839003497, 197.34328129594016, 229.31587568145312, 30.24663682578651, 285.92189768705435, 10.625045574101787, 52.56916763007057, 35.982234880608914, 343.9080338616618, 55.259379897985845]
(109843.1525597935,)
[11.095321659041744, 172.94805006427418, 31.14092176370601, 40.55190606035076, 304.2611137605901, 86.7774728325706, 19.516568008169145, 21.78431665484578, 67.64164611092559, 141.01015532588767, 94.18096887568497, 18.09082137561151, 12.629002374110087, 351.8967401229826, 53.453000740683024, 227.51917023982716, 247.3679928981674, 58.99589682073931, 156.22782839003497, 197.34328129594016, 229.31587568145312, 30.24663682578651, 285.92189768705435, 10.625045574101787, 52.56916763007057, 35.982234880608914, 343.9080338616618, 55.259379897985845]
(109843.1525597935,)
[11.095321659041744, 172.94805006427418, 31.14092176370601, 40.55190606035076, 304.2611137605901, 86.7774728325706, 19.516568008169145, 21.78431665484578, 67.64164611092559, 141.01015532588767, 94.18096887568497, 18.09082137561151, 12.629002374110087, 351.8967401229826, 53.453000740683024, 227.51917023982716, 247.3679928981674, 58.99589682073931, 156.22782839003497, 197.34328129594016, 229.31587568145312, 30.24663682578651, 285.92189768705435, 10.625045574101787, 52.56916763007057, 35.982234880608914, 343.9080338616618, 55.259379897985845]
(109843.1525597935,)
[11.095321659041744, 172.94805006427418, 31.14092176370601, 40.55190606035076, 304.2611137605901, 86.7774728325706, 19.516568008169145, 21.78431665484578, 67.64164611092559, 141.01015532588767, 94.18096887568497, 18.09082137561151, 12.629002374110087, 351.8967401229826, 53.453000740683024, 227.51917023982716, 247.3679928981674, 58.99589682073931, 156.22782839003497, 197.34328129594016, 229.31587568145312, 30.24663682578651, 285.92189768705435, 10.625045574101787, 52.56916763007057, 35.982234880608914, 343.9080338616618, 55.259379897985845]
(109843.1525597935,)
[11.095321659041744, 172.94805006427418, 31.14092176370601, 40.55190606035076, 304.2611137605901, 86.7774728325706, 19.516568008169145, 21.78431665484578, 67.64164611092559, 141.01015532588767, 94.18096887568497, 18.09082137561151, 12.629002374110087, 351.8967401229826, 53.453000740683024, 227.51917023982716, 247.3679928981674, 58.99589682073931, 156.22782839003497, 197.34328129594016, 229.31587568145312, 30.24663682578651, 285.92189768705435, 10.625045574101787, 52.56916763007057, 35.982234880608914, 343.9080338616618, 55.259379897985845]
(109843.1525597935,)
[11.095321659041744, 172.94805006427418, 31.14092176370601, 40.55190606035076, 304.2611137605901, 86.7774728325706, 19.516568008169145, 21.78431665484578, 67.64164611092559, 141.01015532588767, 94.18096887568497, 18.09082137561151, 12.629002374110087, 351.8967401229826, 53.453000740683024, 227.51917023982716, 247.3679928981674, 58.99589682073931, 156.22782839003497, 197.34328129594016, 229.31587568145312, 30.24663682578651, 285.92189768705435, 10.625045574101787, 52.56916763007057, 35.982234880608914, 343.9080338616618, 55.259379897985845]
(109843.1525597935,)
[11.095321659041744, 172.94805006427418, 31.14092176370601, 40.55190606035076, 304.2611137605901, 86.7774728325706, 19.516568008169145, 21.78431665484578, 67.64164611092559, 141.01015532588767, 94.18096887568497, 18.09082137561151, 12.629002374110087, 351.8967401229826, 53.453000740683024, 227.51917023982716, 247.3679928981674, 58.99589682073931, 156.22782839003497, 197.34328129594016, 229.31587568145312, 30.24663682578651, 285.92189768705435, 10.625045574101787, 52.56916763007057, 35.982234880608914, 343.9080338616618, 55.259379897985845]
(109843.1525597935,)
[11.095321659041744, 172.94805006427418, 31.14092176370601, 40.55190606035076, 304.2611137605901, 86.7774728325706, 19.516568008169145, 21.78431665484578, 67.64164611092559, 141.01015532588767, 94.18096887568497, 18.09082137561151, 12.629002374110087, 351.8967401229826, 53.453000740683024, 227.51917023982716, 247.3679928981674, 58.99589682073931, 156.22782839003497, 197.34328129594016, 229.31587568145312, 30.24663682578651, 285.92189768705435, 10.625045574101787, 52.56916763007057, 35.982234880608914, 343.9080338616618, 55.259379897985845]
(109843.1525597935,)
[11.095321659041744, 172.94805006427418, 31.14092176370601, 40.55190606035076, 304.2611137605901, 86.7774728325706, 19.516568008169145, 21.78431665484578, 67.64164611092559, 141.01015532588767, 94.18096887568497, 18.09082137561151, 12.629002374110087, 351.8967401229826, 53.453000740683024, 227.51917023982716, 247.3679928981674, 58.99589682073931, 156.22782839003497, 197.34328129594016, 229.31587568145312, 30.24663682578651, 285.92189768705435, 10.625045574101787, 52.56916763007057, 35.982234880608914, 343.9080338616618, 55.259379897985845]
(109843.1525597935,)
[11.095321659041744, 172.94805006427418, 31.14092176370601, 40.55190606035076, 304.2611137605901, 86.7774728325706, 19.516568008169145, 21.78431665484578, 67.64164611092559, 141.01015532588767, 94.18096887568497, 18.09082137561151, 12.629002374110087, 351.8967401229826, 53.453000740683024, 227.51917023982716, 247.3679928981674, 58.99589682073931, 156.22782839003497, 197.34328129594016, 229.31587568145312, 30.24663682578651, 285.92189768705435, 10.625045574101787, 52.56916763007057, 35.982234880608914, 343.9080338616618, 55.259379897985845]
(109843.1525597935,)
[11.095321659041744, 172.94805006427418, 31.14092176370601, 40.55190606035076, 304.2611137605901, 86.7774728325706, 19.516568008169145, 21.78431665484578, 67.64164611092559, 141.01015532588767, 94.18096887568497, 18.09082137561151, 12.629002374110087, 351.8967401229826, 53.453000740683024, 227.51917023982716, 247.3679928981674, 58.99589682073931, 156.22782839003497, 197.34328129594016, 229.31587568145312, 30.24663682578651, 285.92189768705435, 10.625045574101787, 52.56916763007057, 35.982234880608914, 343.9080338616618, 55.259379897985845]
(109843.1525597935,)
[11.095321659041744, 172.94805006427418, 31.14092176370601, 40.55190606035076, 304.2611137605901, 86.7774728325706, 19.516568008169145, 21.78431665484578, 67.64164611092559, 141.01015532588767, 94.18096887568497, 18.09082137561151, 12.629002374110087, 351.8967401229826, 53.453000740683024, 227.51917023982716, 247.3679928981674, 58.99589682073931, 156.22782839003497, 197.34328129594016, 229.31587568145312, 30.24663682578651, 285.92189768705435, 10.625045574101787, 52.56916763007057, 35.982234880608914, 343.9080338616618, 55.259379897985845]
(109843.1525597935,)
[11.095321659041744, 172.94805006427418, 31.14092176370601, 40.55190606035076, 304.2611137605901, 86.7774728325706, 19.516568008169145, 21.78431665484578, 67.64164611092559, 141.01015532588767, 94.18096887568497, 18.09082137561151, 12.629002374110087, 351.8967401229826, 53.453000740683024, 227.51917023982716, 247.3679928981674, 58.99589682073931, 156.22782839003497, 197.34328129594016, 229.31587568145312, 30.24663682578651, 285.92189768705435, 10.625045574101787, 52.56916763007057, 35.982234880608914, 343.9080338616618, 55.259379897985845]
(109843.1525597935,)
[11.095321659041744, 172.94805006427418, 31.14092176370601, 40.55190606035076, 304.2611137605901, 86.7774728325706, 19.516568008169145, 21.78431665484578, 67.64164611092559, 141.01015532588767, 94.18096887568497, 18.09082137561151, 12.629002374110087, 351.8967401229826, 53.453000740683024, 227.51917023982716, 247.3679928981674, 58.99589682073931, 156.22782839003497, 197.34328129594016, 229.31587568145312, 30.24663682578651, 285.92189768705435, 10.625045574101787, 52.56916763007057, 35.982234880608914, 343.9080338616618, 55.259379897985845]
(109843.1525597935,)
[11.095321659041744, 172.94805006427418, 31.14092176370601, 40.55190606035076, 304.2611137605901, 86.7774728325706, 19.516568008169145, 21.78431665484578, 67.64164611092559, 141.01015532588767, 94.18096887568497, 18.09082137561151, 12.629002374110087, 351.8967401229826, 53.453000740683024, 227.51917023982716, 247.3679928981674, 58.99589682073931, 156.22782839003497, 197.34328129594016, 229.31587568145312, 30.24663682578651, 285.92189768705435, 10.625045574101787, 52.56916763007057, 35.982234880608914, 343.9080338616618, 55.259379897985845]
(109843.1525597935,)
[11.095321659041744, 172.94805006427418, 31.14092176370601, 40.55190606035076, 304.2611137605901, 86.7774728325706, 19.516568008169145, 21.78431665484578, 67.64164611092559, 141.01015532588767, 94.18096887568497, 18.09082137561151, 12.629002374110087, 351.8967401229826, 53.453000740683024, 227.51917023982716, 247.3679928981674, 58.99589682073931, 156.22782839003497, 197.34328129594016, 229.31587568145312, 30.24663682578651, 285.92189768705435, 10.625045574101787, 52.56916763007057, 35.982234880608914, 343.9080338616618, 55.259379897985845]
(109843.1525597935,)
[345.2301533985212, 76.37103978382083, 66.7256904054031, 73.54898028369263, 59.62380874409132, 21.34382172793599, 320.4112747637505, 15.360384306741018, 42.35213762237946, 89.96639632153273, 5.608575917534566, 36.892217658963055, 40.05413830853248, 84.49038843675126, 106.87519269637542, 216.05312357337226, 139.9507953165151, 103.24013075535129, 209.11139702429324, 128.9205355884106, 121.2727576867191, 208.92388908872638, 350.46003197301553, 157.29870263654922, 196.23832035033945, 172.18111491408027, 318.69248957087393, 5.963526156555421]
(109817.54938670163,)
[345.2301533985212, 76.37103978382083, 66.7256904054031, 73.54898028369263, 59.62380874409132, 21.34382172793599, 320.4112747637505, 15.360384306741018, 42.35213762237946, 89.96639632153273, 5.608575917534566, 36.892217658963055, 40.05413830853248, 84.49038843675126, 106.87519269637542, 216.05312357337226, 139.9507953165151, 103.24013075535129, 209.11139702429324, 128.9205355884106, 121.2727576867191, 208.92388908872638, 350.46003197301553, 157.29870263654922, 196.23832035033945, 172.18111491408027, 318.69248957087393, 5.963526156555421]
(109817.54938670163,)
[345.2301533985212, 76.37103978382083, 66.7256904054031, 73.54898028369263, 59.62380874409132, 21.34382172793599, 320.4112747637505, 15.360384306741018, 42.35213762237946, 89.96639632153273, 5.608575917534566, 36.892217658963055, 40.05413830853248, 84.49038843675126, 106.87519269637542, 216.05312357337226, 139.9507953165151, 103.24013075535129, 209.11139702429324, 128.9205355884106, 121.2727576867191, 208.92388908872638, 350.46003197301553, 157.29870263654922, 196.23832035033945, 172.18111491408027, 318.69248957087393, 5.963526156555421]
(109817.54938670163,)
[345.2301533985212, 76.37103978382083, 66.7256904054031, 73.54898028369263, 59.62380874409132, 21.34382172793599, 320.4112747637505, 15.360384306741018, 42.35213762237946, 89.96639632153273, 5.608575917534566, 36.892217658963055, 40.05413830853248, 84.49038843675126, 106.87519269637542, 216.05312357337226, 139.9507953165151, 103.24013075535129, 209.11139702429324, 128.9205355884106, 121.2727576867191, 208.92388908872638, 350.46003197301553, 157.29870263654922, 196.23832035033945, 172.18111491408027, 318.69248957087393, 5.963526156555421]
(109817.54938670163,)
[345.2301533985212, 76.37103978382083, 66.7256904054031, 73.54898028369263, 59.62380874409132, 21.34382172793599, 320.4112747637505, 15.360384306741018, 42.35213762237946, 89.96639632153273, 5.608575917534566, 36.892217658963055, 40.05413830853248, 84.49038843675126, 106.87519269637542, 216.05312357337226, 139.9507953165151, 103.24013075535129, 209.11139702429324, 128.9205355884106, 121.2727576867191, 208.92388908872638, 350.46003197301553, 157.29870263654922, 196.23832035033945, 172.18111491408027, 318.69248957087393, 5.963526156555421]
(109817.54938670163,)
[345.2301533985212, 76.37103978382083, 66.7256904054031, 73.54898028369263, 59.62380874409132, 21.34382172793599, 320.4112747637505, 15.360384306741018, 42.35213762237946, 89.96639632153273, 5.608575917534566, 36.892217658963055, 40.05413830853248, 84.49038843675126, 106.87519269637542, 216.05312357337226, 139.9507953165151, 103.24013075535129, 209.11139702429324, 128.9205355884106, 121.2727576867191, 208.92388908872638, 350.46003197301553, 157.29870263654922, 196.23832035033945, 172.18111491408027, 318.69248957087393, 5.963526156555421]
(109817.54938670163,)
[345.2301533985212, 76.37103978382083, 66.7256904054031, 73.54898028369263, 59.62380874409132, 21.34382172793599, 320.4112747637505, 15.360384306741018, 42.35213762237946, 89.96639632153273, 5.608575917534566, 36.892217658963055, 40.05413830853248, 84.49038843675126, 106.87519269637542, 216.05312357337226, 139.9507953165151, 103.24013075535129, 209.11139702429324, 128.9205355884106, 121.2727576867191, 208.92388908872638, 350.46003197301553, 157.29870263654922, 196.23832035033945, 172.18111491408027, 318.69248957087393, 5.963526156555421]
(109817.54938670163,)
[345.2301533985212, 76.37103978382083, 66.7256904054031, 73.54898028369263, 59.62380874409132, 21.34382172793599, 320.4112747637505, 15.360384306741018, 42.35213762237946, 89.96639632153273, 5.608575917534566, 36.892217658963055, 40.05413830853248, 84.49038843675126, 106.87519269637542, 216.05312357337226, 139.9507953165151, 103.24013075535129, 209.11139702429324, 128.9205355884106, 121.2727576867191, 208.92388908872638, 350.46003197301553, 157.29870263654922, 196.23832035033945, 172.18111491408027, 318.69248957087393, 5.963526156555421]
(109817.54938670163,)
[345.2301533985212, 76.37103978382083, 66.7256904054031, 73.54898028369263, 59.62380874409132, 21.34382172793599, 320.4112747637505, 15.360384306741018, 42.35213762237946, 89.96639632153273, 5.608575917534566, 36.892217658963055, 40.05413830853248, 84.49038843675126, 106.87519269637542, 216.05312357337226, 139.9507953165151, 103.24013075535129, 209.11139702429324, 128.9205355884106, 121.2727576867191, 208.92388908872638, 350.46003197301553, 157.29870263654922, 196.23832035033945, 172.18111491408027, 318.69248957087393, 5.963526156555421]
(109817.54938670163,)
[345.2301533985212, 76.37103978382083, 66.7256904054031, 73.54898028369263, 59.62380874409132, 21.34382172793599, 320.4112747637505, 15.360384306741018, 42.35213762237946, 89.96639632153273, 5.608575917534566, 36.892217658963055, 40.05413830853248, 84.49038843675126, 106.87519269637542, 216.05312357337226, 139.9507953165151, 103.24013075535129, 209.11139702429324, 128.9205355884106, 121.2727576867191, 208.92388908872638, 350.46003197301553, 157.29870263654922, 196.23832035033945, 172.18111491408027, 318.69248957087393, 5.963526156555421]
(109817.54938670163,)
[345.2301533985212, 76.37103978382083, 66.7256904054031, 73.54898028369263, 59.62380874409132, 21.34382172793599, 320.4112747637505, 15.360384306741018, 42.35213762237946, 89.96639632153273, 5.608575917534566, 36.892217658963055, 40.05413830853248, 84.49038843675126, 106.87519269637542, 216.05312357337226, 139.9507953165151, 103.24013075535129, 209.11139702429324, 128.9205355884106, 121.2727576867191, 208.92388908872638, 350.46003197301553, 157.29870263654922, 196.23832035033945, 172.18111491408027, 318.69248957087393, 5.963526156555421]
(109817.54938670163,)
[345.2301533985212, 76.37103978382083, 66.7256904054031, 73.54898028369263, 59.62380874409132, 21.34382172793599, 320.4112747637505, 15.360384306741018, 42.35213762237946, 89.96639632153273, 5.608575917534566, 36.892217658963055, 40.05413830853248, 84.49038843675126, 106.87519269637542, 216.05312357337226, 139.9507953165151, 103.24013075535129, 209.11139702429324, 128.9205355884106, 121.2727576867191, 208.92388908872638, 350.46003197301553, 157.29870263654922, 196.23832035033945, 172.18111491408027, 318.69248957087393, 5.963526156555421]
(109817.54938670163,)
[345.2301533985212, 76.37103978382083, 66.7256904054031, 73.54898028369263, 59.62380874409132, 21.34382172793599, 320.4112747637505, 15.360384306741018, 42.35213762237946, 89.96639632153273, 5.608575917534566, 36.892217658963055, 40.05413830853248, 84.49038843675126, 106.87519269637542, 216.05312357337226, 139.9507953165151, 103.24013075535129, 209.11139702429324, 128.9205355884106, 121.2727576867191, 208.92388908872638, 350.46003197301553, 157.29870263654922, 196.23832035033945, 172.18111491408027, 318.69248957087393, 5.963526156555421]
(109817.54938670163,)
[345.2301533985212, 76.37103978382083, 66.7256904054031, 73.54898028369263, 59.62380874409132, 21.34382172793599, 320.4112747637505, 15.360384306741018, 42.35213762237946, 89.96639632153273, 5.608575917534566, 36.892217658963055, 40.05413830853248, 84.49038843675126, 106.87519269637542, 216.05312357337226, 139.9507953165151, 103.24013075535129, 209.11139702429324, 128.9205355884106, 121.2727576867191, 208.92388908872638, 350.46003197301553, 157.29870263654922, 196.23832035033945, 172.18111491408027, 318.69248957087393, 5.963526156555421]
(109817.54938670163,)
[345.2301533985212, 76.37103978382083, 66.7256904054031, 73.54898028369263, 59.62380874409132, 21.34382172793599, 320.4112747637505, 15.360384306741018, 42.35213762237946, 89.96639632153273, 5.608575917534566, 36.892217658963055, 40.05413830853248, 84.49038843675126, 106.87519269637542, 216.05312357337226, 139.9507953165151, 103.24013075535129, 209.11139702429324, 128.9205355884106, 121.2727576867191, 208.92388908872638, 350.46003197301553, 157.29870263654922, 196.23832035033945, 172.18111491408027, 318.69248957087393, 5.963526156555421]
(109817.54938670163,)
[345.2301533985212, 76.37103978382083, 66.7256904054031, 73.54898028369263, 59.62380874409132, 21.34382172793599, 320.4112747637505, 15.360384306741018, 42.35213762237946, 89.96639632153273, 5.608575917534566, 36.892217658963055, 40.05413830853248, 84.49038843675126, 106.87519269637542, 216.05312357337226, 139.9507953165151, 103.24013075535129, 209.11139702429324, 128.9205355884106, 121.2727576867191, 208.92388908872638, 350.46003197301553, 157.29870263654922, 196.23832035033945, 172.18111491408027, 318.69248957087393, 5.963526156555421]
(109817.54938670163,)
[345.2301533985212, 76.37103978382083, 66.7256904054031, 73.54898028369263, 59.62380874409132, 21.34382172793599, 320.4112747637505, 15.360384306741018, 42.35213762237946, 89.96639632153273, 5.608575917534566, 36.892217658963055, 40.05413830853248, 84.49038843675126, 106.87519269637542, 216.05312357337226, 139.9507953165151, 103.24013075535129, 209.11139702429324, 128.9205355884106, 121.2727576867191, 208.92388908872638, 350.46003197301553, 157.29870263654922, 196.23832035033945, 172.18111491408027, 318.69248957087393, 5.963526156555421]
(109817.54938670163,)
[345.2301533985212, 76.37103978382083, 66.7256904054031, 73.54898028369263, 59.62380874409132, 21.34382172793599, 320.4112747637505, 15.360384306741018, 42.35213762237946, 89.96639632153273, 5.608575917534566, 36.892217658963055, 40.05413830853248, 84.49038843675126, 106.87519269637542, 216.05312357337226, 139.9507953165151, 103.24013075535129, 209.11139702429324, 128.9205355884106, 121.2727576867191, 208.92388908872638, 350.46003197301553, 157.29870263654922, 196.23832035033945, 172.18111491408027, 318.69248957087393, 5.963526156555421]
(109817.54938670163,)
[345.2301533985212, 76.37103978382083, 66.7256904054031, 73.54898028369263, 59.62380874409132, 21.34382172793599, 320.4112747637505, 15.360384306741018, 42.35213762237946, 89.96639632153273, 5.608575917534566, 36.892217658963055, 40.05413830853248, 84.49038843675126, 106.87519269637542, 216.05312357337226, 139.9507953165151, 103.24013075535129, 209.11139702429324, 128.9205355884106, 121.2727576867191, 208.92388908872638, 350.46003197301553, 157.29870263654922, 196.23832035033945, 172.18111491408027, 318.69248957087393, 5.963526156555421]
(109817.54938670163,)
[345.2301533985212, 76.37103978382083, 66.7256904054031, 73.54898028369263, 59.62380874409132, 21.34382172793599, 320.4112747637505, 15.360384306741018, 42.35213762237946, 89.96639632153273, 5.608575917534566, 36.892217658963055, 40.05413830853248, 84.49038843675126, 106.87519269637542, 216.05312357337226, 139.9507953165151, 103.24013075535129, 209.11139702429324, 128.9205355884106, 121.2727576867191, 208.92388908872638, 350.46003197301553, 157.29870263654922, 196.23832035033945, 172.18111491408027, 318.69248957087393, 5.963526156555421]
(109817.54938670163,)
[345.2301533985212, 76.37103978382083, 66.7256904054031, 73.54898028369263, 59.62380874409132, 21.34382172793599, 320.4112747637505, 15.360384306741018, 42.35213762237946, 89.96639632153273, 5.608575917534566, 36.892217658963055, 40.05413830853248, 84.49038843675126, 106.87519269637542, 216.05312357337226, 139.9507953165151, 103.24013075535129, 209.11139702429324, 128.9205355884106, 121.2727576867191, 208.92388908872638, 350.46003197301553, 157.29870263654922, 196.23832035033945, 172.18111491408027, 318.69248957087393, 5.963526156555421]
(109817.54938670163,)
[345.2301533985212, 76.37103978382083, 66.7256904054031, 73.54898028369263, 59.62380874409132, 21.34382172793599, 320.4112747637505, 15.360384306741018, 42.35213762237946, 89.96639632153273, 5.608575917534566, 36.892217658963055, 40.05413830853248, 84.49038843675126, 106.87519269637542, 216.05312357337226, 139.9507953165151, 103.24013075535129, 209.11139702429324, 128.9205355884106, 121.2727576867191, 208.92388908872638, 350.46003197301553, 157.29870263654922, 196.23832035033945, 172.18111491408027, 318.69248957087393, 5.963526156555421]
(109817.54938670163,)
[345.2301533985212, 76.37103978382083, 66.7256904054031, 73.54898028369263, 59.62380874409132, 21.34382172793599, 320.4112747637505, 15.360384306741018, 42.35213762237946, 89.96639632153273, 5.608575917534566, 36.892217658963055, 40.05413830853248, 84.49038843675126, 106.87519269637542, 216.05312357337226, 139.9507953165151, 103.24013075535129, 209.11139702429324, 128.9205355884106, 121.2727576867191, 208.92388908872638, 350.46003197301553, 157.29870263654922, 196.23832035033945, 172.18111491408027, 318.69248957087393, 5.963526156555421]
(109817.54938670163,)
[345.2301533985212, 76.37103978382083, 66.7256904054031, 73.54898028369263, 59.62380874409132, 21.34382172793599, 320.4112747637505, 15.360384306741018, 42.35213762237946, 89.96639632153273, 5.608575917534566, 36.892217658963055, 40.05413830853248, 84.49038843675126, 106.87519269637542, 216.05312357337226, 139.9507953165151, 103.24013075535129, 209.11139702429324, 128.9205355884106, 121.2727576867191, 208.92388908872638, 350.46003197301553, 157.29870263654922, 196.23832035033945, 172.18111491408027, 318.69248957087393, 5.963526156555421]
(109817.54938670163,)
[345.2301533985212, 76.37103978382083, 66.7256904054031, 73.54898028369263, 59.62380874409132, 21.34382172793599, 320.4112747637505, 15.360384306741018, 42.35213762237946, 89.96639632153273, 5.608575917534566, 36.892217658963055, 40.05413830853248, 84.49038843675126, 106.87519269637542, 216.05312357337226, 139.9507953165151, 103.24013075535129, 209.11139702429324, 128.9205355884106, 121.2727576867191, 208.92388908872638, 350.46003197301553, 157.29870263654922, 196.23832035033945, 172.18111491408027, 318.69248957087393, 5.963526156555421]
(109817.54938670163,)
[11.095321659041744, 172.94805006427418, 31.14092176370601, 40.55190606035076, 304.2611137605901, 86.7774728325706, 19.516568008169145, 21.78431665484578, 67.64164611092559, 11.41184740816459, 94.18096887568497, 18.09082137561151, 12.629002374110087, 351.8967401229826, 53.453000740683024, 227.51917023982716, 247.3679928981674, 58.99589682073931, 156.22782839003497, 197.34328129594016, 229.31587568145312, 30.24663682578651, 201.55999168880777, 246.18224484485347, 125.71978320052185, 35.982234880608914, 343.9080338616618, 55.259379897985845]
(109762.44761999222,)
[345.2301533985212, 76.37103978382083, 66.7256904054031, 73.54898028369263, 59.62380874409132, 21.34382172793599, 320.4112747637505, 15.360384306741018, 74.01633670563832, 89.96639632153273, 5.608575917534566, 36.892217658963055, 1.6672847062868712, 11.812716664227864, 106.87519269637542, 95.89442952989626, 139.9507953165151, 103.24013075535129, 209.11139702429324, 239.9571289882257, 121.2727576867191, 208.92388908872638, 350.46003197301553, 157.29870263654922, 196.23832035033945, 187.2991375999456, 318.69248957087393, 5.963526156555421]
(109732.04792006197,)
[345.2301533985212, 76.37103978382083, 66.7256904054031, 73.54898028369263, 59.62380874409132, 21.34382172793599, 320.4112747637505, 15.360384306741018, 74.01633670563832, 89.96639632153273, 5.608575917534566, 36.892217658963055, 1.6672847062868712, 11.812716664227864, 106.87519269637542, 95.89442952989626, 139.9507953165151, 103.24013075535129, 209.11139702429324, 239.9571289882257, 121.2727576867191, 208.92388908872638, 350.46003197301553, 157.29870263654922, 196.23832035033945, 187.2991375999456, 318.69248957087393, 5.963526156555421]
(109732.04792006197,)
[345.2301533985212, 76.37103978382083, 66.7256904054031, 73.54898028369263, 59.62380874409132, 21.34382172793599, 320.4112747637505, 15.360384306741018, 74.01633670563832, 89.96639632153273, 5.608575917534566, 36.892217658963055, 1.6672847062868712, 11.812716664227864, 106.87519269637542, 95.89442952989626, 139.9507953165151, 103.24013075535129, 209.11139702429324, 239.9571289882257, 121.2727576867191, 208.92388908872638, 350.46003197301553, 157.29870263654922, 196.23832035033945, 187.2991375999456, 318.69248957087393, 5.963526156555421]
(109732.04792006197,)
[345.2301533985212, 76.37103978382083, 66.7256904054031, 73.54898028369263, 59.62380874409132, 21.34382172793599, 320.4112747637505, 15.360384306741018, 74.01633670563832, 89.96639632153273, 5.608575917534566, 36.892217658963055, 1.6672847062868712, 11.812716664227864, 106.87519269637542, 95.89442952989626, 139.9507953165151, 103.24013075535129, 209.11139702429324, 239.9571289882257, 121.2727576867191, 208.92388908872638, 350.46003197301553, 157.29870263654922, 196.23832035033945, 187.2991375999456, 318.69248957087393, 5.963526156555421]
(109732.04792006197,)
[345.2301533985212, 76.37103978382083, 66.7256904054031, 73.54898028369263, 59.62380874409132, 21.34382172793599, 320.4112747637505, 15.360384306741018, 74.01633670563832, 89.96639632153273, 5.608575917534566, 36.892217658963055, 1.6672847062868712, 11.812716664227864, 106.87519269637542, 95.89442952989626, 139.9507953165151, 103.24013075535129, 209.11139702429324, 239.9571289882257, 121.2727576867191, 208.92388908872638, 350.46003197301553, 157.29870263654922, 196.23832035033945, 187.2991375999456, 318.69248957087393, 5.963526156555421]
(109732.04792006197,)
[345.2301533985212, 76.37103978382083, 66.7256904054031, 73.54898028369263, 59.62380874409132, 21.34382172793599, 320.4112747637505, 15.360384306741018, 74.01633670563832, 89.96639632153273, 5.608575917534566, 36.892217658963055, 1.6672847062868712, 11.812716664227864, 106.87519269637542, 95.89442952989626, 139.9507953165151, 103.24013075535129, 209.11139702429324, 239.9571289882257, 121.2727576867191, 208.92388908872638, 350.46003197301553, 157.29870263654922, 196.23832035033945, 187.2991375999456, 318.69248957087393, 5.963526156555421]
(109732.04792006197,)
[345.2301533985212, 76.37103978382083, 66.7256904054031, 73.54898028369263, 59.62380874409132, 21.34382172793599, 320.4112747637505, 15.360384306741018, 74.01633670563832, 89.96639632153273, 5.608575917534566, 36.892217658963055, 1.6672847062868712, 11.812716664227864, 106.87519269637542, 95.89442952989626, 139.9507953165151, 103.24013075535129, 209.11139702429324, 239.9571289882257, 121.2727576867191, 208.92388908872638, 350.46003197301553, 157.29870263654922, 196.23832035033945, 187.2991375999456, 318.69248957087393, 5.963526156555421]
(109732.04792006197,)
[345.2301533985212, 76.37103978382083, 66.7256904054031, 73.54898028369263, 59.62380874409132, 21.34382172793599, 320.4112747637505, 15.360384306741018, 74.01633670563832, 89.96639632153273, 5.608575917534566, 36.892217658963055, 1.6672847062868712, 11.812716664227864, 106.87519269637542, 95.89442952989626, 139.9507953165151, 103.24013075535129, 209.11139702429324, 239.9571289882257, 121.2727576867191, 208.92388908872638, 350.46003197301553, 157.29870263654922, 196.23832035033945, 187.2991375999456, 318.69248957087393, 5.963526156555421]
(109732.04792006197,)
[345.2301533985212, 76.37103978382083, 66.7256904054031, 73.54898028369263, 59.62380874409132, 21.34382172793599, 320.4112747637505, 15.360384306741018, 74.01633670563832, 89.96639632153273, 5.608575917534566, 36.892217658963055, 1.6672847062868712, 11.812716664227864, 106.87519269637542, 95.89442952989626, 139.9507953165151, 103.24013075535129, 209.11139702429324, 239.9571289882257, 121.2727576867191, 208.92388908872638, 350.46003197301553, 157.29870263654922, 196.23832035033945, 187.2991375999456, 318.69248957087393, 5.963526156555421]
(109732.04792006197,)
[345.2301533985212, 76.37103978382083, 66.7256904054031, 73.54898028369263, 59.62380874409132, 21.34382172793599, 320.4112747637505, 15.360384306741018, 74.01633670563832, 89.96639632153273, 5.608575917534566, 36.892217658963055, 1.6672847062868712, 11.812716664227864, 106.87519269637542, 95.89442952989626, 139.9507953165151, 103.24013075535129, 209.11139702429324, 239.9571289882257, 121.2727576867191, 208.92388908872638, 350.46003197301553, 157.29870263654922, 196.23832035033945, 187.2991375999456, 318.69248957087393, 5.963526156555421]
(109732.04792006197,)
[345.2301533985212, 76.37103978382083, 66.7256904054031, 73.54898028369263, 59.62380874409132, 21.34382172793599, 320.4112747637505, 15.360384306741018, 74.01633670563832, 89.96639632153273, 5.608575917534566, 36.892217658963055, 1.6672847062868712, 11.812716664227864, 106.87519269637542, 95.89442952989626, 139.9507953165151, 103.24013075535129, 209.11139702429324, 239.9571289882257, 121.2727576867191, 208.92388908872638, 350.46003197301553, 157.29870263654922, 196.23832035033945, 187.2991375999456, 318.69248957087393, 5.963526156555421]
(109732.04792006197,)
