111274.26219598392
111274.26219598392
111274.26219598392
111274.26219598392
111171.8822676897
111171.8822676897
110976.51014705027
110976.51014705027
110976.51014705027
110741.69007802327
109922.8366824795
109922.8366824795
109922.8366824795
109843.1525597935
109843.1525597935
109843.1525597935
109843.1525597935
109843.1525597935
109843.1525597935
109843.1525597935
109843.1525597935
109843.1525597935
109843.1525597935
109843.1525597935
109843.1525597935
109843.1525597935
109843.1525597935
109843.1525597935
109843.1525597935
109843.1525597935
109843.1525597935
109843.1525597935
109843.1525597935
109843.1525597935
109843.1525597935
109843.1525597935
109843.1525597935
109843.1525597935
109843.1525597935
109843.1525597935
109843.1525597935
109843.1525597935
109843.1525597935
109843.1525597935
109843.1525597935
109843.1525597935
109843.1525597935
109843.1525597935
109843.1525597935
109843.1525597935
109843.1525597935
109843.1525597935
109843.1525597935
109843.1525597935
109843.1525597935
109843.1525597935
109843.1525597935
109843.1525597935
109843.1525597935
109843.1525597935
109843.1525597935
109843.1525597935
109817.54938670163
109817.54938670163
109817.54938670163
109817.54938670163
109817.54938670163
109817.54938670163
109817.54938670163
109817.54938670163
109817.54938670163
109817.54938670163
109817.54938670163
109817.54938670163
109817.54938670163
109817.54938670163
109817.54938670163
109817.54938670163
109817.54938670163
109817.54938670163
109817.54938670163
109817.54938670163
109817.54938670163
109817.54938670163
109817.54938670163
109817.54938670163
109817.54938670163
109762.44761999222
109732.04792006197
109732.04792006197
109732.04792006197
109732.04792006197
109732.04792006197
109732.04792006197
109732.04792006197
109732.04792006197
109732.04792006197
109732.04792006197
109732.04792006197
