[222.38067353638888, 117.93594197966115, 178.863886946979, 104.608030080066, 61.74193296609738, 325.3576549837477, 314.3735807295218, 20.612898317543575, 78.98330732093126, 353.9316105857769, 334.893582394704, 177.2498073794634, 73.51228677674007, 140.67119679089114, 174.3703573651598, 210.1156558481687, 151.37031013982013, 108.43962643263465, 275.93178559868784, 266.9697294556614, 193.7396319060319, 56.789975899754594]
(104566.14230835352,)
[222.38067353638888, 117.93594197966115, 178.863886946979, 104.608030080066, 61.74193296609738, 325.3576549837477, 314.3735807295218, 20.612898317543575, 78.98330732093126, 353.9316105857769, 334.893582394704, 177.2498073794634, 73.51228677674007, 140.67119679089114, 174.3703573651598, 210.1156558481687, 151.37031013982013, 108.43962643263465, 275.93178559868784, 266.9697294556614, 193.7396319060319, 56.789975899754594]
(104566.14230835352,)
[222.38067353638888, 117.93594197966115, 178.863886946979, 104.608030080066, 61.74193296609738, 325.3576549837477, 314.3735807295218, 20.612898317543575, 78.98330732093126, 353.9316105857769, 334.893582394704, 177.2498073794634, 73.51228677674007, 140.67119679089114, 174.3703573651598, 210.1156558481687, 151.37031013982013, 108.43962643263465, 275.93178559868784, 266.9697294556614, 193.7396319060319, 56.789975899754594]
(104566.14230835352,)
[222.38067353638888, 117.93594197966115, 178.863886946979, 104.608030080066, 61.74193296609738, 325.3576549837477, 314.3735807295218, 20.612898317543575, 78.98330732093126, 353.9316105857769, 334.893582394704, 177.2498073794634, 73.51228677674007, 140.67119679089114, 174.3703573651598, 210.1156558481687, 151.37031013982013, 108.43962643263465, 275.93178559868784, 266.9697294556614, 193.7396319060319, 56.789975899754594]
(104566.14230835352,)
[222.38067353638888, 117.93594197966115, 178.863886946979, 104.608030080066, 61.74193296609738, 325.3576549837477, 314.3735807295218, 20.612898317543575, 78.98330732093126, 353.9316105857769, 334.893582394704, 177.2498073794634, 73.51228677674007, 140.67119679089114, 174.3703573651598, 210.1156558481687, 151.37031013982013, 108.43962643263465, 275.93178559868784, 266.9697294556614, 193.7396319060319, 56.789975899754594]
(104566.14230835352,)
[222.38067353638888, 117.93594197966115, 178.863886946979, 104.608030080066, 61.74193296609738, 325.3576549837477, 314.3735807295218, 20.612898317543575, 78.98330732093126, 353.9316105857769, 334.893582394704, 177.2498073794634, 73.51228677674007, 140.67119679089114, 174.3703573651598, 210.1156558481687, 151.37031013982013, 108.43962643263465, 275.93178559868784, 266.9697294556614, 193.7396319060319, 56.789975899754594]
(104566.14230835352,)
[222.38067353638888, 117.93594197966115, 178.863886946979, 104.608030080066, 61.74193296609738, 325.3576549837477, 314.3735807295218, 20.612898317543575, 78.98330732093126, 353.9316105857769, 334.893582394704, 177.2498073794634, 73.51228677674007, 140.67119679089114, 174.3703573651598, 210.1156558481687, 151.37031013982013, 108.43962643263465, 275.93178559868784, 266.9697294556614, 193.7396319060319, 56.789975899754594]
(104566.14230835352,)
[222.38067353638888, 117.93594197966115, 178.863886946979, 104.608030080066, 61.74193296609738, 325.3576549837477, 314.3735807295218, 20.612898317543575, 78.98330732093126, 353.9316105857769, 334.893582394704, 177.2498073794634, 73.51228677674007, 140.67119679089114, 174.3703573651598, 210.1156558481687, 151.37031013982013, 108.43962643263465, 275.93178559868784, 266.9697294556614, 193.7396319060319, 56.789975899754594]
(104566.14230835352,)
[260.5396753189892, 20.67661677325519, 76.26021377979961, 345.7922070975271, 340.0626814834179, 34.22227861503706, 44.68676840769844, 293.3081365554045, 33.018714772269895, 33.58867945282503, 273.7590903786564, 165.64543503494946, 76.85718248248347, 222.96922396724102, 209.55405004979417, 169.99436200371974, 211.9601240729447, 212.25847563393674, 100.11432976568118, 30.046266854091044, 26.028797096105052, 310.50930841508637]
(104373.36723278047,)
[260.5396753189892, 20.67661677325519, 76.26021377979961, 345.7922070975271, 340.0626814834179, 34.22227861503706, 44.68676840769844, 293.3081365554045, 33.018714772269895, 33.58867945282503, 273.7590903786564, 165.64543503494946, 76.85718248248347, 222.96922396724102, 209.55405004979417, 169.99436200371974, 211.9601240729447, 212.25847563393674, 100.11432976568118, 30.046266854091044, 26.028797096105052, 310.50930841508637]
(104373.36723278047,)
[260.5396753189892, 20.67661677325519, 76.26021377979961, 345.7922070975271, 340.0626814834179, 34.22227861503706, 44.68676840769844, 293.3081365554045, 33.018714772269895, 33.58867945282503, 273.7590903786564, 165.64543503494946, 76.85718248248347, 222.96922396724102, 209.55405004979417, 169.99436200371974, 211.9601240729447, 212.25847563393674, 100.11432976568118, 30.046266854091044, 26.028797096105052, 310.50930841508637]
(104373.36723278047,)
[66.61381325884695, 86.33997349968476, 148.61071539633775, 79.9294372706518, 108.04113942187695, 87.42642091812385, 324.503320202038, 108.04242771563213, 53.53486415332385, 21.89349499427996, 38.89515940610184, 67.12766858028985, 47.232867050847176, 207.66158878882192, 109.40838366497638, 188.18773146097286, 125.39143319928843, 169.75702327514702, 35.47896905363075, 116.1373025488963, 158.6071810716051, 176.4449977096003]
(104083.58154196764,)
[66.61381325884695, 86.33997349968476, 148.61071539633775, 79.9294372706518, 108.04113942187695, 87.42642091812385, 324.503320202038, 108.04242771563213, 53.53486415332385, 21.89349499427996, 38.89515940610184, 67.12766858028985, 47.232867050847176, 207.66158878882192, 109.40838366497638, 188.18773146097286, 125.39143319928843, 169.75702327514702, 35.47896905363075, 116.1373025488963, 158.6071810716051, 176.4449977096003]
(104083.58154196764,)
[66.61381325884695, 86.33997349968476, 148.61071539633775, 79.9294372706518, 108.04113942187695, 87.42642091812385, 324.503320202038, 108.04242771563213, 53.53486415332385, 21.89349499427996, 38.89515940610184, 67.12766858028985, 47.232867050847176, 207.66158878882192, 109.40838366497638, 188.18773146097286, 125.39143319928843, 169.75702327514702, 35.47896905363075, 116.1373025488963, 158.6071810716051, 176.4449977096003]
(104083.58154196764,)
[66.61381325884695, 86.33997349968476, 148.61071539633775, 79.9294372706518, 108.04113942187695, 87.42642091812385, 324.503320202038, 108.04242771563213, 53.53486415332385, 21.89349499427996, 38.89515940610184, 67.12766858028985, 47.232867050847176, 207.66158878882192, 109.40838366497638, 188.18773146097286, 125.39143319928843, 169.75702327514702, 35.47896905363075, 116.1373025488963, 158.6071810716051, 176.4449977096003]
(104083.58154196764,)
[44.608550811990845, 324.28055812337044, 16.619954474014065, 123.04566700275377, 25.679076633458294, 67.92218893618619, 66.16807749565855, 67.02891088062981, 84.28331213029118, 7.976023185858487, 108.7467562653451, 30.84933101689915, 213.91613783453087, 237.3754076521213, 216.257332644539, 119.17826986223179, 100.87638304245195, 236.40414037968077, 356.23021326388744, 177.35218286333665, 133.29706338064616, 268.7952230933352]
(104064.7982493712,)
[4.1471270789363786, 289.8334766357028, 105.27868859864233, 83.66746430242223, 107.62044868512993, 87.42642091812385, 113.22639903018026, 82.43089377252602, 337.5141334753448, 54.623457975964925, 30.958898997341883, 67.12766858028985, 36.48660323942704, 120.46784529764469, 147.17094811038095, 136.5576597062182, 125.39143319928843, 186.6357752371286, 51.74266505602952, 172.82185052962757, 230.67039255399789, 89.32137683307316]
(104062.24182939807,)
[4.1471270789363786, 289.8334766357028, 105.27868859864233, 83.66746430242223, 107.62044868512993, 87.42642091812385, 113.22639903018026, 82.43089377252602, 337.5141334753448, 54.623457975964925, 30.958898997341883, 67.12766858028985, 36.48660323942704, 120.46784529764469, 147.17094811038095, 136.5576597062182, 125.39143319928843, 186.6357752371286, 51.74266505602952, 172.82185052962757, 230.67039255399789, 89.32137683307316]
(104062.24182939807,)
[4.1471270789363786, 289.8334766357028, 105.27868859864233, 83.66746430242223, 107.62044868512993, 87.42642091812385, 113.22639903018026, 82.43089377252602, 337.5141334753448, 54.623457975964925, 30.958898997341883, 67.12766858028985, 36.48660323942704, 120.46784529764469, 147.17094811038095, 136.5576597062182, 125.39143319928843, 186.6357752371286, 51.74266505602952, 172.82185052962757, 230.67039255399789, 89.32137683307316]
(104062.24182939807,)
[4.1471270789363786, 289.8334766357028, 105.27868859864233, 83.66746430242223, 107.62044868512993, 87.42642091812385, 113.22639903018026, 82.43089377252602, 337.5141334753448, 54.623457975964925, 30.958898997341883, 67.12766858028985, 36.48660323942704, 120.46784529764469, 147.17094811038095, 136.5576597062182, 125.39143319928843, 186.6357752371286, 51.74266505602952, 172.82185052962757, 230.67039255399789, 89.32137683307316]
(104062.24182939807,)
[128.31417709292512, 301.5025345584196, 161.2188360400545, 59.39888745464619, 10.563757369848602, 337.7896431996942, 64.17976538975401, 68.40792888574535, 107.32124632815082, 109.94329987191647, 25.990149094583195, 68.41530215389355, 207.4977021905234, 29.730085358304947, 114.44023958686068, 58.99924851187458, 89.41872827409696, 259.72410284644843, 261.9958508676058, 256.09773873386257, 311.2656256845424, 191.1956902246261]
(103966.61549542479,)
[51.12083145920054, 178.6546480374125, 96.53216136306273, 65.68120520420554, 339.2745239620836, 29.692324175129926, 357.1342339082977, 13.96126135651108, 24.67063637610153, 43.081945140688966, 343.72373332373553, 55.53416525291733, 294.97751482614825, 160.55714352603155, 335.62029387958466, 135.1113892974001, 272.2317633544588, 115.50965977974849, 131.70937812167222, 255.65689160142625, 174.68614612015506, 1.1100793596630467]
(103720.55543681099,)
[51.12083145920054, 178.6546480374125, 96.53216136306273, 65.68120520420554, 339.2745239620836, 29.692324175129926, 357.1342339082977, 13.96126135651108, 24.67063637610153, 43.081945140688966, 343.72373332373553, 55.53416525291733, 294.97751482614825, 160.55714352603155, 335.62029387958466, 135.1113892974001, 272.2317633544588, 115.50965977974849, 131.70937812167222, 255.65689160142625, 174.68614612015506, 1.1100793596630467]
(103720.55543681099,)
[51.12083145920054, 178.6546480374125, 96.53216136306273, 65.68120520420554, 339.2745239620836, 29.692324175129926, 357.1342339082977, 13.96126135651108, 24.67063637610153, 43.081945140688966, 343.72373332373553, 55.53416525291733, 294.97751482614825, 160.55714352603155, 335.62029387958466, 135.1113892974001, 272.2317633544588, 115.50965977974849, 131.70937812167222, 255.65689160142625, 174.68614612015506, 1.1100793596630467]
(103720.55543681099,)
[51.12083145920054, 178.6546480374125, 96.53216136306273, 65.68120520420554, 339.2745239620836, 29.692324175129926, 357.1342339082977, 13.96126135651108, 24.67063637610153, 43.081945140688966, 343.72373332373553, 55.53416525291733, 294.97751482614825, 160.55714352603155, 335.62029387958466, 135.1113892974001, 272.2317633544588, 115.50965977974849, 131.70937812167222, 255.65689160142625, 174.68614612015506, 1.1100793596630467]
(103720.55543681099,)
[51.12083145920054, 178.6546480374125, 96.53216136306273, 65.68120520420554, 339.2745239620836, 29.692324175129926, 357.1342339082977, 13.96126135651108, 24.67063637610153, 43.081945140688966, 343.72373332373553, 55.53416525291733, 294.97751482614825, 160.55714352603155, 335.62029387958466, 135.1113892974001, 272.2317633544588, 115.50965977974849, 131.70937812167222, 255.65689160142625, 174.68614612015506, 1.1100793596630467]
(103720.55543681099,)
[51.12083145920054, 178.6546480374125, 96.53216136306273, 65.68120520420554, 339.2745239620836, 29.692324175129926, 357.1342339082977, 13.96126135651108, 24.67063637610153, 43.081945140688966, 343.72373332373553, 55.53416525291733, 294.97751482614825, 160.55714352603155, 335.62029387958466, 135.1113892974001, 272.2317633544588, 115.50965977974849, 131.70937812167222, 255.65689160142625, 174.68614612015506, 1.1100793596630467]
(103720.55543681099,)
[51.12083145920054, 178.6546480374125, 96.53216136306273, 65.68120520420554, 339.2745239620836, 29.692324175129926, 357.1342339082977, 13.96126135651108, 24.67063637610153, 43.081945140688966, 343.72373332373553, 55.53416525291733, 294.97751482614825, 160.55714352603155, 335.62029387958466, 135.1113892974001, 272.2317633544588, 115.50965977974849, 131.70937812167222, 255.65689160142625, 174.68614612015506, 1.1100793596630467]
(103720.55543681099,)
[51.12083145920054, 178.6546480374125, 96.53216136306273, 65.68120520420554, 339.2745239620836, 29.692324175129926, 357.1342339082977, 13.96126135651108, 24.67063637610153, 43.081945140688966, 343.72373332373553, 55.53416525291733, 294.97751482614825, 160.55714352603155, 335.62029387958466, 135.1113892974001, 272.2317633544588, 115.50965977974849, 131.70937812167222, 255.65689160142625, 174.68614612015506, 1.1100793596630467]
(103720.55543681099,)
[51.12083145920054, 178.6546480374125, 96.53216136306273, 65.68120520420554, 339.2745239620836, 29.692324175129926, 357.1342339082977, 13.96126135651108, 24.67063637610153, 43.081945140688966, 343.72373332373553, 55.53416525291733, 294.97751482614825, 160.55714352603155, 335.62029387958466, 135.1113892974001, 272.2317633544588, 115.50965977974849, 131.70937812167222, 255.65689160142625, 174.68614612015506, 1.1100793596630467]
(103720.55543681099,)
[51.12083145920054, 178.6546480374125, 96.53216136306273, 65.68120520420554, 339.2745239620836, 29.692324175129926, 357.1342339082977, 13.96126135651108, 24.67063637610153, 43.081945140688966, 343.72373332373553, 55.53416525291733, 294.97751482614825, 160.55714352603155, 335.62029387958466, 135.1113892974001, 272.2317633544588, 115.50965977974849, 131.70937812167222, 255.65689160142625, 174.68614612015506, 1.1100793596630467]
(103720.55543681099,)
[51.12083145920054, 178.6546480374125, 96.53216136306273, 65.68120520420554, 339.2745239620836, 29.692324175129926, 357.1342339082977, 13.96126135651108, 24.67063637610153, 43.081945140688966, 343.72373332373553, 55.53416525291733, 294.97751482614825, 160.55714352603155, 335.62029387958466, 135.1113892974001, 272.2317633544588, 115.50965977974849, 131.70937812167222, 255.65689160142625, 174.68614612015506, 1.1100793596630467]
(103720.55543681099,)
[51.12083145920054, 178.6546480374125, 96.53216136306273, 65.68120520420554, 339.2745239620836, 29.692324175129926, 357.1342339082977, 13.96126135651108, 24.67063637610153, 43.081945140688966, 343.72373332373553, 55.53416525291733, 294.97751482614825, 160.55714352603155, 335.62029387958466, 135.1113892974001, 272.2317633544588, 115.50965977974849, 131.70937812167222, 255.65689160142625, 174.68614612015506, 1.1100793596630467]
(103720.55543681099,)
[51.12083145920054, 178.6546480374125, 96.53216136306273, 65.68120520420554, 339.2745239620836, 29.692324175129926, 357.1342339082977, 13.96126135651108, 24.67063637610153, 43.081945140688966, 343.72373332373553, 55.53416525291733, 294.97751482614825, 160.55714352603155, 335.62029387958466, 135.1113892974001, 272.2317633544588, 115.50965977974849, 131.70937812167222, 255.65689160142625, 174.68614612015506, 1.1100793596630467]
(103720.55543681099,)
[51.12083145920054, 178.6546480374125, 96.53216136306273, 65.68120520420554, 339.2745239620836, 29.692324175129926, 357.1342339082977, 13.96126135651108, 24.67063637610153, 43.081945140688966, 343.72373332373553, 55.53416525291733, 294.97751482614825, 160.55714352603155, 335.62029387958466, 135.1113892974001, 272.2317633544588, 115.50965977974849, 131.70937812167222, 255.65689160142625, 174.68614612015506, 1.1100793596630467]
(103720.55543681099,)
[51.12083145920054, 178.6546480374125, 96.53216136306273, 65.68120520420554, 339.2745239620836, 29.692324175129926, 357.1342339082977, 13.96126135651108, 24.67063637610153, 43.081945140688966, 343.72373332373553, 55.53416525291733, 294.97751482614825, 160.55714352603155, 335.62029387958466, 135.1113892974001, 272.2317633544588, 115.50965977974849, 131.70937812167222, 255.65689160142625, 174.68614612015506, 1.1100793596630467]
(103720.55543681099,)
[51.12083145920054, 178.6546480374125, 96.53216136306273, 65.68120520420554, 339.2745239620836, 29.692324175129926, 357.1342339082977, 13.96126135651108, 24.67063637610153, 43.081945140688966, 343.72373332373553, 55.53416525291733, 294.97751482614825, 160.55714352603155, 335.62029387958466, 135.1113892974001, 272.2317633544588, 115.50965977974849, 131.70937812167222, 255.65689160142625, 174.68614612015506, 1.1100793596630467]
(103720.55543681099,)
[51.12083145920054, 178.6546480374125, 96.53216136306273, 65.68120520420554, 339.2745239620836, 29.692324175129926, 357.1342339082977, 13.96126135651108, 24.67063637610153, 43.081945140688966, 343.72373332373553, 55.53416525291733, 294.97751482614825, 160.55714352603155, 335.62029387958466, 135.1113892974001, 272.2317633544588, 115.50965977974849, 131.70937812167222, 255.65689160142625, 174.68614612015506, 1.1100793596630467]
(103720.55543681099,)
[51.12083145920054, 178.6546480374125, 96.53216136306273, 65.68120520420554, 339.2745239620836, 29.692324175129926, 357.1342339082977, 13.96126135651108, 24.67063637610153, 43.081945140688966, 343.72373332373553, 55.53416525291733, 294.97751482614825, 160.55714352603155, 335.62029387958466, 135.1113892974001, 272.2317633544588, 115.50965977974849, 131.70937812167222, 255.65689160142625, 174.68614612015506, 1.1100793596630467]
(103720.55543681099,)
[51.12083145920054, 178.6546480374125, 96.53216136306273, 65.68120520420554, 339.2745239620836, 29.692324175129926, 357.1342339082977, 13.96126135651108, 24.67063637610153, 43.081945140688966, 343.72373332373553, 55.53416525291733, 294.97751482614825, 160.55714352603155, 335.62029387958466, 135.1113892974001, 272.2317633544588, 115.50965977974849, 131.70937812167222, 255.65689160142625, 174.68614612015506, 1.1100793596630467]
(103720.55543681099,)
[51.12083145920054, 178.6546480374125, 96.53216136306273, 65.68120520420554, 339.2745239620836, 29.692324175129926, 357.1342339082977, 13.96126135651108, 24.67063637610153, 43.081945140688966, 343.72373332373553, 55.53416525291733, 294.97751482614825, 160.55714352603155, 335.62029387958466, 135.1113892974001, 272.2317633544588, 115.50965977974849, 131.70937812167222, 255.65689160142625, 174.68614612015506, 1.1100793596630467]
(103720.55543681099,)
[51.12083145920054, 178.6546480374125, 96.53216136306273, 65.68120520420554, 339.2745239620836, 29.692324175129926, 357.1342339082977, 13.96126135651108, 24.67063637610153, 43.081945140688966, 343.72373332373553, 55.53416525291733, 294.97751482614825, 160.55714352603155, 335.62029387958466, 135.1113892974001, 272.2317633544588, 115.50965977974849, 131.70937812167222, 255.65689160142625, 174.68614612015506, 1.1100793596630467]
(103720.55543681099,)
[51.12083145920054, 178.6546480374125, 96.53216136306273, 65.68120520420554, 339.2745239620836, 29.692324175129926, 357.1342339082977, 13.96126135651108, 24.67063637610153, 43.081945140688966, 343.72373332373553, 55.53416525291733, 294.97751482614825, 160.55714352603155, 335.62029387958466, 135.1113892974001, 272.2317633544588, 115.50965977974849, 131.70937812167222, 255.65689160142625, 174.68614612015506, 1.1100793596630467]
(103720.55543681099,)
[51.12083145920054, 178.6546480374125, 96.53216136306273, 65.68120520420554, 339.2745239620836, 29.692324175129926, 357.1342339082977, 13.96126135651108, 24.67063637610153, 43.081945140688966, 343.72373332373553, 55.53416525291733, 294.97751482614825, 160.55714352603155, 335.62029387958466, 135.1113892974001, 272.2317633544588, 115.50965977974849, 131.70937812167222, 255.65689160142625, 174.68614612015506, 1.1100793596630467]
(103720.55543681099,)
[51.12083145920054, 178.6546480374125, 96.53216136306273, 65.68120520420554, 339.2745239620836, 29.692324175129926, 357.1342339082977, 13.96126135651108, 24.67063637610153, 43.081945140688966, 343.72373332373553, 55.53416525291733, 294.97751482614825, 160.55714352603155, 335.62029387958466, 135.1113892974001, 272.2317633544588, 115.50965977974849, 131.70937812167222, 255.65689160142625, 174.68614612015506, 1.1100793596630467]
(103720.55543681099,)
[51.12083145920054, 178.6546480374125, 96.53216136306273, 65.68120520420554, 339.2745239620836, 29.692324175129926, 357.1342339082977, 13.96126135651108, 24.67063637610153, 43.081945140688966, 343.72373332373553, 55.53416525291733, 294.97751482614825, 160.55714352603155, 335.62029387958466, 135.1113892974001, 272.2317633544588, 115.50965977974849, 131.70937812167222, 255.65689160142625, 174.68614612015506, 1.1100793596630467]
(103720.55543681099,)
[51.12083145920054, 178.6546480374125, 96.53216136306273, 65.68120520420554, 339.2745239620836, 29.692324175129926, 357.1342339082977, 13.96126135651108, 24.67063637610153, 43.081945140688966, 343.72373332373553, 55.53416525291733, 294.97751482614825, 160.55714352603155, 335.62029387958466, 135.1113892974001, 272.2317633544588, 115.50965977974849, 131.70937812167222, 255.65689160142625, 174.68614612015506, 1.1100793596630467]
(103720.55543681099,)
[51.12083145920054, 178.6546480374125, 96.53216136306273, 65.68120520420554, 339.2745239620836, 29.692324175129926, 357.1342339082977, 13.96126135651108, 24.67063637610153, 43.081945140688966, 343.72373332373553, 55.53416525291733, 294.97751482614825, 160.55714352603155, 335.62029387958466, 135.1113892974001, 272.2317633544588, 115.50965977974849, 131.70937812167222, 255.65689160142625, 174.68614612015506, 1.1100793596630467]
(103720.55543681099,)
[51.12083145920054, 178.6546480374125, 96.53216136306273, 65.68120520420554, 339.2745239620836, 29.692324175129926, 357.1342339082977, 13.96126135651108, 24.67063637610153, 43.081945140688966, 343.72373332373553, 55.53416525291733, 294.97751482614825, 160.55714352603155, 335.62029387958466, 135.1113892974001, 272.2317633544588, 115.50965977974849, 131.70937812167222, 255.65689160142625, 174.68614612015506, 1.1100793596630467]
(103720.55543681099,)
[51.12083145920054, 178.6546480374125, 96.53216136306273, 65.68120520420554, 339.2745239620836, 29.692324175129926, 357.1342339082977, 13.96126135651108, 24.67063637610153, 43.081945140688966, 343.72373332373553, 55.53416525291733, 294.97751482614825, 160.55714352603155, 335.62029387958466, 135.1113892974001, 272.2317633544588, 115.50965977974849, 131.70937812167222, 255.65689160142625, 174.68614612015506, 1.1100793596630467]
(103720.55543681099,)
[51.12083145920054, 178.6546480374125, 96.53216136306273, 65.68120520420554, 339.2745239620836, 29.692324175129926, 357.1342339082977, 13.96126135651108, 24.67063637610153, 43.081945140688966, 343.72373332373553, 55.53416525291733, 294.97751482614825, 160.55714352603155, 335.62029387958466, 135.1113892974001, 272.2317633544588, 115.50965977974849, 131.70937812167222, 255.65689160142625, 174.68614612015506, 1.1100793596630467]
(103720.55543681099,)
[51.12083145920054, 178.6546480374125, 96.53216136306273, 65.68120520420554, 339.2745239620836, 29.692324175129926, 357.1342339082977, 13.96126135651108, 24.67063637610153, 43.081945140688966, 343.72373332373553, 55.53416525291733, 294.97751482614825, 160.55714352603155, 335.62029387958466, 135.1113892974001, 272.2317633544588, 115.50965977974849, 131.70937812167222, 255.65689160142625, 174.68614612015506, 1.1100793596630467]
(103720.55543681099,)
[51.12083145920054, 178.6546480374125, 96.53216136306273, 65.68120520420554, 339.2745239620836, 29.692324175129926, 357.1342339082977, 13.96126135651108, 24.67063637610153, 43.081945140688966, 343.72373332373553, 55.53416525291733, 294.97751482614825, 160.55714352603155, 335.62029387958466, 135.1113892974001, 272.2317633544588, 115.50965977974849, 131.70937812167222, 255.65689160142625, 174.68614612015506, 1.1100793596630467]
(103720.55543681099,)
[51.12083145920054, 178.6546480374125, 96.53216136306273, 65.68120520420554, 339.2745239620836, 29.692324175129926, 357.1342339082977, 13.96126135651108, 24.67063637610153, 43.081945140688966, 343.72373332373553, 55.53416525291733, 294.97751482614825, 160.55714352603155, 335.62029387958466, 135.1113892974001, 272.2317633544588, 115.50965977974849, 131.70937812167222, 255.65689160142625, 174.68614612015506, 1.1100793596630467]
(103720.55543681099,)
[51.12083145920054, 178.6546480374125, 96.53216136306273, 65.68120520420554, 339.2745239620836, 29.692324175129926, 357.1342339082977, 13.96126135651108, 24.67063637610153, 43.081945140688966, 343.72373332373553, 55.53416525291733, 294.97751482614825, 160.55714352603155, 335.62029387958466, 135.1113892974001, 272.2317633544588, 115.50965977974849, 131.70937812167222, 255.65689160142625, 174.68614612015506, 1.1100793596630467]
(103720.55543681099,)
[51.12083145920054, 178.6546480374125, 96.53216136306273, 65.68120520420554, 339.2745239620836, 29.692324175129926, 357.1342339082977, 13.96126135651108, 24.67063637610153, 43.081945140688966, 343.72373332373553, 55.53416525291733, 294.97751482614825, 160.55714352603155, 335.62029387958466, 135.1113892974001, 272.2317633544588, 115.50965977974849, 131.70937812167222, 255.65689160142625, 174.68614612015506, 1.1100793596630467]
(103720.55543681099,)
[51.12083145920054, 178.6546480374125, 96.53216136306273, 65.68120520420554, 339.2745239620836, 29.692324175129926, 357.1342339082977, 13.96126135651108, 24.67063637610153, 43.081945140688966, 343.72373332373553, 55.53416525291733, 294.97751482614825, 160.55714352603155, 335.62029387958466, 135.1113892974001, 272.2317633544588, 115.50965977974849, 131.70937812167222, 255.65689160142625, 174.68614612015506, 1.1100793596630467]
(103720.55543681099,)
[51.12083145920054, 178.6546480374125, 96.53216136306273, 65.68120520420554, 339.2745239620836, 29.692324175129926, 357.1342339082977, 13.96126135651108, 24.67063637610153, 43.081945140688966, 343.72373332373553, 55.53416525291733, 294.97751482614825, 160.55714352603155, 335.62029387958466, 135.1113892974001, 272.2317633544588, 115.50965977974849, 131.70937812167222, 255.65689160142625, 174.68614612015506, 1.1100793596630467]
(103720.55543681099,)
[51.12083145920054, 178.6546480374125, 96.53216136306273, 65.68120520420554, 339.2745239620836, 29.692324175129926, 357.1342339082977, 13.96126135651108, 24.67063637610153, 43.081945140688966, 343.72373332373553, 55.53416525291733, 294.97751482614825, 160.55714352603155, 335.62029387958466, 135.1113892974001, 272.2317633544588, 115.50965977974849, 131.70937812167222, 255.65689160142625, 174.68614612015506, 1.1100793596630467]
(103720.55543681099,)
[51.12083145920054, 178.6546480374125, 96.53216136306273, 65.68120520420554, 339.2745239620836, 29.692324175129926, 357.1342339082977, 13.96126135651108, 24.67063637610153, 43.081945140688966, 343.72373332373553, 55.53416525291733, 294.97751482614825, 160.55714352603155, 335.62029387958466, 135.1113892974001, 272.2317633544588, 115.50965977974849, 131.70937812167222, 255.65689160142625, 174.68614612015506, 1.1100793596630467]
(103720.55543681099,)
[51.12083145920054, 178.6546480374125, 96.53216136306273, 65.68120520420554, 339.2745239620836, 29.692324175129926, 357.1342339082977, 13.96126135651108, 24.67063637610153, 43.081945140688966, 343.72373332373553, 55.53416525291733, 294.97751482614825, 160.55714352603155, 335.62029387958466, 135.1113892974001, 272.2317633544588, 115.50965977974849, 131.70937812167222, 255.65689160142625, 174.68614612015506, 1.1100793596630467]
(103720.55543681099,)
[51.12083145920054, 178.6546480374125, 96.53216136306273, 65.68120520420554, 339.2745239620836, 29.692324175129926, 357.1342339082977, 13.96126135651108, 24.67063637610153, 43.081945140688966, 343.72373332373553, 55.53416525291733, 294.97751482614825, 160.55714352603155, 335.62029387958466, 135.1113892974001, 272.2317633544588, 115.50965977974849, 131.70937812167222, 255.65689160142625, 174.68614612015506, 1.1100793596630467]
(103720.55543681099,)
[51.12083145920054, 178.6546480374125, 96.53216136306273, 65.68120520420554, 339.2745239620836, 29.692324175129926, 357.1342339082977, 13.96126135651108, 24.67063637610153, 43.081945140688966, 343.72373332373553, 55.53416525291733, 294.97751482614825, 160.55714352603155, 335.62029387958466, 135.1113892974001, 272.2317633544588, 115.50965977974849, 131.70937812167222, 255.65689160142625, 174.68614612015506, 1.1100793596630467]
(103720.55543681099,)
[51.12083145920054, 178.6546480374125, 96.53216136306273, 65.68120520420554, 339.2745239620836, 29.692324175129926, 357.1342339082977, 13.96126135651108, 24.67063637610153, 43.081945140688966, 343.72373332373553, 55.53416525291733, 294.97751482614825, 160.55714352603155, 335.62029387958466, 135.1113892974001, 272.2317633544588, 115.50965977974849, 131.70937812167222, 255.65689160142625, 174.68614612015506, 1.1100793596630467]
(103720.55543681099,)
[51.12083145920054, 178.6546480374125, 96.53216136306273, 65.68120520420554, 339.2745239620836, 29.692324175129926, 357.1342339082977, 13.96126135651108, 24.67063637610153, 43.081945140688966, 343.72373332373553, 55.53416525291733, 294.97751482614825, 160.55714352603155, 335.62029387958466, 135.1113892974001, 272.2317633544588, 115.50965977974849, 131.70937812167222, 255.65689160142625, 174.68614612015506, 1.1100793596630467]
(103720.55543681099,)
[51.12083145920054, 178.6546480374125, 96.53216136306273, 65.68120520420554, 339.2745239620836, 29.692324175129926, 357.1342339082977, 13.96126135651108, 24.67063637610153, 43.081945140688966, 343.72373332373553, 55.53416525291733, 294.97751482614825, 160.55714352603155, 335.62029387958466, 135.1113892974001, 272.2317633544588, 115.50965977974849, 131.70937812167222, 255.65689160142625, 174.68614612015506, 1.1100793596630467]
(103720.55543681099,)
[51.12083145920054, 178.6546480374125, 96.53216136306273, 65.68120520420554, 339.2745239620836, 29.692324175129926, 357.1342339082977, 13.96126135651108, 24.67063637610153, 43.081945140688966, 343.72373332373553, 55.53416525291733, 294.97751482614825, 160.55714352603155, 335.62029387958466, 135.1113892974001, 272.2317633544588, 115.50965977974849, 131.70937812167222, 255.65689160142625, 174.68614612015506, 1.1100793596630467]
(103720.55543681099,)
[51.12083145920054, 178.6546480374125, 96.53216136306273, 65.68120520420554, 339.2745239620836, 29.692324175129926, 357.1342339082977, 13.96126135651108, 24.67063637610153, 43.081945140688966, 343.72373332373553, 55.53416525291733, 294.97751482614825, 160.55714352603155, 335.62029387958466, 135.1113892974001, 272.2317633544588, 115.50965977974849, 131.70937812167222, 255.65689160142625, 174.68614612015506, 1.1100793596630467]
(103720.55543681099,)
[17.21111492848332, 163.76145832325858, 33.46175804022891, 27.09188995707568, 349.93866975702394, 37.04454201193235, 23.155539044384938, 44.21963640953197, 7.53537364437306, 31.659925242587683, 3.4365492984562485, 69.99512233570266, 151.97174468784624, 231.36757153799726, 122.91138858787134, 118.32824895557955, 292.015665470701, 111.49991861153765, 190.49528681490864, 179.60805987162885, 143.88157490985205, 133.22073984437324]
(103693.50703323803,)
[17.21111492848332, 163.76145832325858, 33.46175804022891, 27.09188995707568, 349.93866975702394, 37.04454201193235, 23.155539044384938, 44.21963640953197, 7.53537364437306, 31.659925242587683, 3.4365492984562485, 69.99512233570266, 151.97174468784624, 231.36757153799726, 122.91138858787134, 118.32824895557955, 292.015665470701, 111.49991861153765, 190.49528681490864, 179.60805987162885, 143.88157490985205, 133.22073984437324]
(103693.50703323803,)
[17.21111492848332, 163.76145832325858, 33.46175804022891, 27.09188995707568, 349.93866975702394, 37.04454201193235, 23.155539044384938, 44.21963640953197, 7.53537364437306, 31.659925242587683, 3.4365492984562485, 69.99512233570266, 151.97174468784624, 231.36757153799726, 122.91138858787134, 118.32824895557955, 292.015665470701, 111.49991861153765, 190.49528681490864, 179.60805987162885, 143.88157490985205, 133.22073984437324]
(103693.50703323803,)
[17.21111492848332, 163.76145832325858, 33.46175804022891, 27.09188995707568, 349.93866975702394, 37.04454201193235, 23.155539044384938, 44.21963640953197, 7.53537364437306, 31.659925242587683, 3.4365492984562485, 69.99512233570266, 151.97174468784624, 231.36757153799726, 122.91138858787134, 118.32824895557955, 292.015665470701, 111.49991861153765, 190.49528681490864, 179.60805987162885, 143.88157490985205, 133.22073984437324]
(103693.50703323803,)
[17.21111492848332, 163.76145832325858, 33.46175804022891, 27.09188995707568, 349.93866975702394, 37.04454201193235, 23.155539044384938, 44.21963640953197, 7.53537364437306, 31.659925242587683, 3.4365492984562485, 69.99512233570266, 151.97174468784624, 231.36757153799726, 122.91138858787134, 118.32824895557955, 292.015665470701, 111.49991861153765, 190.49528681490864, 179.60805987162885, 143.88157490985205, 133.22073984437324]
(103693.50703323803,)
[17.21111492848332, 163.76145832325858, 33.46175804022891, 27.09188995707568, 349.93866975702394, 37.04454201193235, 23.155539044384938, 44.21963640953197, 7.53537364437306, 31.659925242587683, 3.4365492984562485, 69.99512233570266, 151.97174468784624, 231.36757153799726, 122.91138858787134, 118.32824895557955, 292.015665470701, 111.49991861153765, 190.49528681490864, 179.60805987162885, 143.88157490985205, 133.22073984437324]
(103693.50703323803,)
[17.21111492848332, 163.76145832325858, 33.46175804022891, 27.09188995707568, 349.93866975702394, 37.04454201193235, 23.155539044384938, 44.21963640953197, 7.53537364437306, 31.659925242587683, 3.4365492984562485, 69.99512233570266, 151.97174468784624, 231.36757153799726, 122.91138858787134, 118.32824895557955, 292.015665470701, 111.49991861153765, 190.49528681490864, 179.60805987162885, 143.88157490985205, 133.22073984437324]
(103693.50703323803,)
[17.21111492848332, 163.76145832325858, 33.46175804022891, 27.09188995707568, 349.93866975702394, 37.04454201193235, 23.155539044384938, 44.21963640953197, 7.53537364437306, 31.659925242587683, 3.4365492984562485, 69.99512233570266, 151.97174468784624, 231.36757153799726, 122.91138858787134, 118.32824895557955, 292.015665470701, 111.49991861153765, 190.49528681490864, 179.60805987162885, 143.88157490985205, 133.22073984437324]
(103693.50703323803,)
[17.21111492848332, 163.76145832325858, 33.46175804022891, 27.09188995707568, 349.93866975702394, 37.04454201193235, 23.155539044384938, 44.21963640953197, 7.53537364437306, 31.659925242587683, 3.4365492984562485, 69.99512233570266, 145.5552229152118, 231.36757153799726, 122.91138858787134, 118.32824895557955, 292.015665470701, 288.17057419339943, 190.49528681490864, 179.60805987162885, 143.88157490985205, 133.22073984437324]
(103693.50703323803,)
[17.21111492848332, 163.76145832325858, 33.46175804022891, 27.09188995707568, 349.93866975702394, 37.04454201193235, 23.155539044384938, 44.21963640953197, 7.53537364437306, 31.659925242587683, 3.4365492984562485, 69.99512233570266, 145.5552229152118, 231.36757153799726, 122.91138858787134, 118.32824895557955, 292.015665470701, 288.17057419339943, 190.49528681490864, 179.60805987162885, 143.88157490985205, 133.22073984437324]
(103693.50703323803,)
[17.21111492848332, 163.76145832325858, 33.46175804022891, 27.09188995707568, 349.93866975702394, 37.04454201193235, 23.155539044384938, 44.21963640953197, 7.53537364437306, 31.659925242587683, 3.4365492984562485, 69.99512233570266, 145.5552229152118, 231.36757153799726, 122.91138858787134, 118.32824895557955, 292.015665470701, 288.17057419339943, 190.49528681490864, 179.60805987162885, 143.88157490985205, 133.22073984437324]
(103693.50703323803,)
[17.21111492848332, 163.76145832325858, 33.46175804022891, 27.09188995707568, 349.93866975702394, 37.04454201193235, 23.155539044384938, 44.21963640953197, 7.53537364437306, 31.659925242587683, 3.4365492984562485, 69.99512233570266, 145.5552229152118, 231.36757153799726, 122.91138858787134, 118.32824895557955, 292.015665470701, 288.17057419339943, 190.49528681490864, 179.60805987162885, 143.88157490985205, 133.22073984437324]
(103693.50703323803,)
[17.21111492848332, 163.76145832325858, 33.46175804022891, 27.09188995707568, 349.93866975702394, 37.04454201193235, 23.155539044384938, 44.21963640953197, 7.53537364437306, 31.659925242587683, 3.4365492984562485, 69.99512233570266, 145.5552229152118, 231.36757153799726, 122.91138858787134, 118.32824895557955, 292.015665470701, 288.17057419339943, 190.49528681490864, 179.60805987162885, 143.88157490985205, 133.22073984437324]
(103693.50703323803,)
[17.21111492848332, 163.76145832325858, 33.46175804022891, 27.09188995707568, 349.93866975702394, 37.04454201193235, 23.155539044384938, 44.21963640953197, 7.53537364437306, 31.659925242587683, 3.4365492984562485, 69.99512233570266, 145.5552229152118, 231.36757153799726, 122.91138858787134, 118.32824895557955, 292.015665470701, 288.17057419339943, 190.49528681490864, 179.60805987162885, 143.88157490985205, 133.22073984437324]
(103693.50703323803,)
[17.21111492848332, 163.76145832325858, 33.46175804022891, 27.09188995707568, 349.93866975702394, 37.04454201193235, 23.155539044384938, 44.21963640953197, 7.53537364437306, 31.659925242587683, 3.4365492984562485, 69.99512233570266, 145.5552229152118, 231.36757153799726, 122.91138858787134, 118.32824895557955, 292.015665470701, 288.17057419339943, 190.49528681490864, 179.60805987162885, 143.88157490985205, 133.22073984437324]
(103693.50703323803,)
[17.21111492848332, 163.76145832325858, 33.46175804022891, 27.09188995707568, 349.93866975702394, 37.04454201193235, 23.155539044384938, 44.21963640953197, 7.53537364437306, 31.659925242587683, 3.4365492984562485, 69.99512233570266, 145.5552229152118, 231.36757153799726, 122.91138858787134, 118.32824895557955, 292.015665470701, 288.17057419339943, 190.49528681490864, 179.60805987162885, 143.88157490985205, 133.22073984437324]
(103693.50703323803,)
[17.21111492848332, 163.76145832325858, 33.46175804022891, 27.09188995707568, 349.93866975702394, 37.04454201193235, 23.155539044384938, 44.21963640953197, 7.53537364437306, 31.659925242587683, 3.4365492984562485, 69.99512233570266, 145.5552229152118, 231.36757153799726, 122.91138858787134, 118.32824895557955, 292.015665470701, 288.17057419339943, 190.49528681490864, 179.60805987162885, 143.88157490985205, 133.22073984437324]
(103693.50703323803,)
[17.21111492848332, 163.76145832325858, 33.46175804022891, 27.09188995707568, 349.93866975702394, 37.04454201193235, 23.155539044384938, 44.21963640953197, 7.53537364437306, 31.659925242587683, 3.4365492984562485, 69.99512233570266, 145.5552229152118, 231.36757153799726, 122.91138858787134, 118.32824895557955, 292.015665470701, 288.17057419339943, 190.49528681490864, 179.60805987162885, 143.88157490985205, 133.22073984437324]
(103693.50703323803,)
[17.21111492848332, 163.76145832325858, 33.46175804022891, 27.09188995707568, 349.93866975702394, 37.04454201193235, 23.155539044384938, 44.21963640953197, 7.53537364437306, 31.659925242587683, 3.4365492984562485, 69.99512233570266, 145.5552229152118, 231.36757153799726, 122.91138858787134, 118.32824895557955, 292.015665470701, 288.17057419339943, 190.49528681490864, 179.60805987162885, 143.88157490985205, 133.22073984437324]
(103693.50703323803,)
[17.21111492848332, 163.76145832325858, 33.46175804022891, 27.09188995707568, 349.93866975702394, 37.04454201193235, 23.155539044384938, 44.21963640953197, 7.53537364437306, 31.659925242587683, 3.4365492984562485, 69.99512233570266, 145.5552229152118, 231.36757153799726, 122.91138858787134, 118.32824895557955, 292.015665470701, 288.17057419339943, 190.49528681490864, 179.60805987162885, 143.88157490985205, 133.22073984437324]
(103693.50703323803,)
[5.30201820576236, 215.87003013697506, 23.228132026393613, 25.48255728143642, 5.172179788294962, 1.7519589389253065, 5.119578381612847, 72.89929016223527, 78.40445913170734, 36.833291136489876, 3.1558680769406955, 15.252973796693155, 33.89519412090624, 160.3081874168792, 113.16759129329078, 113.93044817329141, 298.71900754730376, 181.56272349682692, 191.71501991185679, 104.34921266019717, 103.12766456296585, 116.91190848987273]
(103670.68532215105,)
[5.30201820576236, 215.87003013697506, 23.228132026393613, 25.48255728143642, 5.172179788294962, 1.7519589389253065, 5.119578381612847, 72.89929016223527, 78.40445913170734, 36.833291136489876, 3.1558680769406955, 15.252973796693155, 33.89519412090624, 160.3081874168792, 113.16759129329078, 113.93044817329141, 298.71900754730376, 181.56272349682692, 191.71501991185679, 104.34921266019717, 103.12766456296585, 116.91190848987273]
(103670.68532215105,)
[5.30201820576236, 215.87003013697506, 23.228132026393613, 25.48255728143642, 5.172179788294962, 1.7519589389253065, 5.119578381612847, 72.89929016223527, 78.40445913170734, 36.833291136489876, 3.1558680769406955, 15.252973796693155, 33.89519412090624, 160.3081874168792, 113.16759129329078, 113.93044817329141, 298.71900754730376, 181.56272349682692, 191.71501991185679, 104.34921266019717, 103.12766456296585, 116.91190848987273]
(103670.68532215105,)
[5.30201820576236, 215.87003013697506, 23.228132026393613, 25.48255728143642, 5.172179788294962, 1.7519589389253065, 5.119578381612847, 72.89929016223527, 78.40445913170734, 36.833291136489876, 3.1558680769406955, 15.252973796693155, 33.89519412090624, 160.3081874168792, 113.16759129329078, 113.93044817329141, 298.71900754730376, 181.56272349682692, 191.71501991185679, 104.34921266019717, 103.12766456296585, 116.91190848987273]
(103670.68532215105,)
[5.30201820576236, 215.87003013697506, 23.228132026393613, 25.48255728143642, 5.172179788294962, 1.7519589389253065, 5.119578381612847, 72.89929016223527, 78.40445913170734, 36.833291136489876, 3.1558680769406955, 15.252973796693155, 33.89519412090624, 160.3081874168792, 113.16759129329078, 113.93044817329141, 298.71900754730376, 181.56272349682692, 191.71501991185679, 104.34921266019717, 103.12766456296585, 116.91190848987273]
(103670.68532215105,)
[5.30201820576236, 215.87003013697506, 23.228132026393613, 25.48255728143642, 5.172179788294962, 1.7519589389253065, 5.119578381612847, 72.89929016223527, 78.40445913170734, 36.833291136489876, 3.1558680769406955, 15.252973796693155, 33.89519412090624, 160.3081874168792, 113.16759129329078, 113.93044817329141, 298.71900754730376, 181.56272349682692, 191.71501991185679, 104.34921266019717, 103.12766456296585, 116.91190848987273]
(103670.68532215105,)
[5.30201820576236, 215.87003013697506, 23.228132026393613, 25.48255728143642, 5.172179788294962, 1.7519589389253065, 5.119578381612847, 72.89929016223527, 78.40445913170734, 36.833291136489876, 3.1558680769406955, 15.252973796693155, 33.89519412090624, 160.3081874168792, 113.16759129329078, 113.93044817329141, 298.71900754730376, 181.56272349682692, 191.71501991185679, 104.34921266019717, 103.12766456296585, 116.91190848987273]
(103670.68532215105,)
[5.30201820576236, 215.87003013697506, 23.228132026393613, 25.48255728143642, 5.172179788294962, 1.7519589389253065, 5.119578381612847, 72.89929016223527, 78.40445913170734, 36.833291136489876, 3.1558680769406955, 15.252973796693155, 33.89519412090624, 160.3081874168792, 113.16759129329078, 113.93044817329141, 298.71900754730376, 181.56272349682692, 191.71501991185679, 104.34921266019717, 103.12766456296585, 116.91190848987273]
(103670.68532215105,)
[5.30201820576236, 215.87003013697506, 23.228132026393613, 25.48255728143642, 5.172179788294962, 1.7519589389253065, 5.119578381612847, 72.89929016223527, 78.40445913170734, 36.833291136489876, 3.1558680769406955, 15.252973796693155, 33.89519412090624, 160.3081874168792, 113.16759129329078, 113.93044817329141, 298.71900754730376, 181.56272349682692, 191.71501991185679, 104.34921266019717, 103.12766456296585, 116.91190848987273]
(103670.68532215105,)
