[292.09708094240636, 161.2686085934704, 328.97572201826534, 131.075059916356, 301.40350724682264, 100.81037964305366, 189.22928240375737, 99.08970205507683, 339.77764481727445, 291.38484258742005, 12.58252812462009, 126.76028415419934, 303.8183662478595, 73.65772392623904, 113.17787480781898, 173.41300217066313, 203.4881580376022, 76.32096433404537, 102.10778822228006, 223.1676469601248, 90.62433289013323, 240.87603778154573, 272.3845748219941, 97.45853870211509, 334.75237387177094, 133.41277631333665, 320.40101153292636, 228.16721910833996]
(112178.53909470391,)
[298.9003540223023, 223.26297328378166, 3.473305443572187, 39.923380251418294, 10.838941102780883, 98.8826728280732, 220.15066928751313, 179.0566308707751, 4.152611795218868, 78.77491012733223, 276.08928318716545, 114.39684378156991, 294.39199633661184, 100.35965989945817, 255.75545406538114, 328.5813582397441, 165.46683628273627, 241.7335911439549, 200.05506121652812, 129.74216034029774, 92.48866288717915, 234.45954518695854, 125.17067570408254, 294.68115758170416, 205.4314347530911, 359.9476791173495, 25.511350687691227, 129.51026968013227]
(111210.71503019668,)
[298.9003540223023, 223.26297328378166, 3.473305443572187, 39.923380251418294, 10.838941102780883, 98.8826728280732, 220.15066928751313, 179.0566308707751, 4.152611795218868, 78.77491012733223, 276.08928318716545, 114.39684378156991, 294.39199633661184, 100.35965989945817, 255.75545406538114, 328.5813582397441, 165.46683628273627, 241.7335911439549, 200.05506121652812, 129.74216034029774, 92.48866288717915, 234.45954518695854, 125.17067570408254, 294.68115758170416, 205.4314347530911, 359.9476791173495, 25.511350687691227, 129.51026968013227]
(111210.71503019668,)
[359.37834472908014, 52.737858635774245, 170.7465250418976, 163.03335276741885, 77.59232895037749, 171.65287812259393, 72.50416442546151, 326.09785335152947, 193.38885026218648, 79.35537583797914, 52.09161813378901, 96.32850266200067, 58.996556770101044, 49.73367954424934, 13.93212915968526, 293.8444465799564, 223.7101259344688, 314.28129475143476, 56.120394944184994, 152.63557097709398, 358.9451942328036, 229.72762111104652, 242.5099732380738, 258.8122513251847, 180.28663803845495, 193.75555418191294, 198.99673285159298, 59.16393938285952]
(111190.66087075854,)
[359.37834472908014, 52.737858635774245, 170.7465250418976, 163.03335276741885, 77.59232895037749, 171.65287812259393, 72.50416442546151, 326.09785335152947, 193.38885026218648, 79.35537583797914, 52.09161813378901, 96.32850266200067, 58.996556770101044, 49.73367954424934, 13.93212915968526, 293.8444465799564, 223.7101259344688, 314.28129475143476, 56.120394944184994, 152.63557097709398, 358.9451942328036, 229.72762111104652, 242.5099732380738, 258.8122513251847, 180.28663803845495, 193.75555418191294, 198.99673285159298, 59.16393938285952]
(111190.66087075854,)
[359.37834472908014, 52.737858635774245, 170.7465250418976, 163.03335276741885, 77.59232895037749, 171.65287812259393, 72.50416442546151, 326.09785335152947, 193.38885026218648, 79.35537583797914, 52.09161813378901, 96.32850266200067, 58.996556770101044, 49.73367954424934, 13.93212915968526, 293.8444465799564, 223.7101259344688, 314.28129475143476, 56.120394944184994, 152.63557097709398, 358.9451942328036, 229.72762111104652, 242.5099732380738, 258.8122513251847, 180.28663803845495, 193.75555418191294, 198.99673285159298, 59.16393938285952]
(111190.66087075854,)
[359.37834472908014, 52.737858635774245, 170.7465250418976, 163.03335276741885, 77.59232895037749, 171.65287812259393, 72.50416442546151, 326.09785335152947, 193.38885026218648, 79.35537583797914, 52.09161813378901, 96.32850266200067, 58.996556770101044, 49.73367954424934, 13.93212915968526, 293.8444465799564, 223.7101259344688, 314.28129475143476, 56.120394944184994, 152.63557097709398, 358.9451942328036, 229.72762111104652, 242.5099732380738, 258.8122513251847, 180.28663803845495, 193.75555418191294, 198.99673285159298, 59.16393938285952]
(111190.66087075854,)
[359.37834472908014, 52.737858635774245, 170.7465250418976, 163.03335276741885, 77.59232895037749, 171.65287812259393, 72.50416442546151, 326.09785335152947, 193.38885026218648, 79.35537583797914, 52.09161813378901, 96.32850266200067, 58.996556770101044, 49.73367954424934, 13.93212915968526, 293.8444465799564, 223.7101259344688, 314.28129475143476, 56.120394944184994, 152.63557097709398, 358.9451942328036, 229.72762111104652, 242.5099732380738, 258.8122513251847, 180.28663803845495, 193.75555418191294, 198.99673285159298, 59.16393938285952]
(111190.66087075854,)
[359.37834472908014, 52.737858635774245, 170.7465250418976, 163.03335276741885, 77.59232895037749, 171.65287812259393, 72.50416442546151, 326.09785335152947, 193.38885026218648, 79.35537583797914, 52.09161813378901, 96.32850266200067, 58.996556770101044, 49.73367954424934, 13.93212915968526, 293.8444465799564, 223.7101259344688, 314.28129475143476, 56.120394944184994, 152.63557097709398, 358.9451942328036, 229.72762111104652, 242.5099732380738, 258.8122513251847, 180.28663803845495, 193.75555418191294, 198.99673285159298, 59.16393938285952]
(111190.66087075854,)
[355.0477864120926, 263.01427993381236, 20.382548658455462, 336.1903426945426, 343.59971834141294, 124.78799749785713, 228.5351797176539, 136.3570391836637, 298.26099729235744, 133.36202728650463, 105.48893455448285, 312.0170539675069, 89.5237672471724, 122.1890500372748, 154.07923405710432, 54.75576856786837, 73.41207373948095, 29.279911997895553, 354.8159320905247, 268.12984687782983, 295.2089661750511, 68.57561492665461, 8.193219402936194, 207.31974316632926, 359.55908132596335, 264.0782747438641, 108.77413819165572, 230.4049166059424]
(111126.62974645977,)
[355.0477864120926, 263.01427993381236, 20.382548658455462, 336.1903426945426, 343.59971834141294, 124.78799749785713, 228.5351797176539, 136.3570391836637, 298.26099729235744, 133.36202728650463, 105.48893455448285, 312.0170539675069, 89.5237672471724, 122.1890500372748, 154.07923405710432, 54.75576856786837, 73.41207373948095, 29.279911997895553, 354.8159320905247, 268.12984687782983, 295.2089661750511, 68.57561492665461, 8.193219402936194, 207.31974316632926, 359.55908132596335, 264.0782747438641, 108.77413819165572, 230.4049166059424]
(111126.62974645977,)
[355.0477864120926, 263.01427993381236, 20.382548658455462, 336.1903426945426, 343.59971834141294, 124.78799749785713, 228.5351797176539, 136.3570391836637, 298.26099729235744, 133.36202728650463, 105.48893455448285, 312.0170539675069, 89.5237672471724, 122.1890500372748, 154.07923405710432, 54.75576856786837, 73.41207373948095, 29.279911997895553, 354.8159320905247, 268.12984687782983, 295.2089661750511, 68.57561492665461, 8.193219402936194, 207.31974316632926, 359.55908132596335, 264.0782747438641, 108.77413819165572, 230.4049166059424]
(111126.62974645977,)
[355.0477864120926, 263.01427993381236, 20.382548658455462, 336.1903426945426, 343.59971834141294, 124.78799749785713, 228.5351797176539, 136.3570391836637, 298.26099729235744, 133.36202728650463, 105.48893455448285, 312.0170539675069, 89.5237672471724, 122.1890500372748, 154.07923405710432, 54.75576856786837, 73.41207373948095, 29.279911997895553, 354.8159320905247, 268.12984687782983, 295.2089661750511, 68.57561492665461, 8.193219402936194, 207.31974316632926, 359.55908132596335, 264.0782747438641, 108.77413819165572, 230.4049166059424]
(111126.62974645977,)
[355.0477864120926, 263.01427993381236, 20.382548658455462, 336.1903426945426, 343.59971834141294, 124.78799749785713, 228.5351797176539, 136.3570391836637, 298.26099729235744, 133.36202728650463, 105.48893455448285, 312.0170539675069, 89.5237672471724, 122.1890500372748, 154.07923405710432, 54.75576856786837, 73.41207373948095, 29.279911997895553, 354.8159320905247, 268.12984687782983, 295.2089661750511, 68.57561492665461, 8.193219402936194, 207.31974316632926, 359.55908132596335, 264.0782747438641, 108.77413819165572, 230.4049166059424]
(111126.62974645977,)
[141.88810474423497, 185.59937436421083, 242.31469244764156, 70.25919422079453, 21.387084646360698, 313.0194784303157, 291.2244470608134, 151.85302646890034, 30.85539088765138, 342.531485331185, 113.00032168762358, 339.1595763099379, 27.232606113853166, 21.195945384578106, 357.54144996411935, 89.16964714988336, 137.50050704983227, 203.80497182925137, 237.5110974548925, 100.04993744903196, 224.489338792602, 225.25898479252618, 237.34134500577818, 200.29466857724475, 190.66608770589542, 112.85360040562949, 346.7335252472862, 137.4016442633316]
(111124.78446570979,)
[141.88810474423497, 185.59937436421083, 242.31469244764156, 70.25919422079453, 21.387084646360698, 313.0194784303157, 291.2244470608134, 151.85302646890034, 30.85539088765138, 342.531485331185, 113.00032168762358, 339.1595763099379, 27.232606113853166, 21.195945384578106, 357.54144996411935, 89.16964714988336, 137.50050704983227, 203.80497182925137, 237.5110974548925, 100.04993744903196, 224.489338792602, 225.25898479252618, 237.34134500577818, 200.29466857724475, 190.66608770589542, 112.85360040562949, 346.7335252472862, 137.4016442633316]
(111124.78446570979,)
[120.89781558201713, 209.70551892086425, 328.9086867594771, 137.58250229083205, 300.10596434532647, 114.04422979236236, 21.63491639005796, 76.57819481445674, 337.4780181076176, 137.76198505289557, 98.44937478222815, 65.15980002520996, 357.55422195174594, 35.82099735711447, 80.87119255072864, 142.29528628581454, 182.09303373126795, 3.4513059886053554, 214.4505603403809, 188.34735855747036, 10.898858009851494, 167.49606807282822, 259.9214589959515, 75.97704534009992, 5.836294480877946, 48.44118250931065, 212.68684552507287, 236.28272134007761]
(111119.0285885405,)
[120.89781558201713, 209.70551892086425, 328.9086867594771, 137.58250229083205, 300.10596434532647, 114.04422979236236, 21.63491639005796, 76.57819481445674, 337.4780181076176, 137.76198505289557, 98.44937478222815, 65.15980002520996, 357.55422195174594, 35.82099735711447, 80.87119255072864, 142.29528628581454, 182.09303373126795, 3.4513059886053554, 214.4505603403809, 188.34735855747036, 10.898858009851494, 167.49606807282822, 259.9214589959515, 75.97704534009992, 5.836294480877946, 48.44118250931065, 212.68684552507287, 236.28272134007761]
(111119.0285885405,)
[120.89781558201713, 209.70551892086425, 328.9086867594771, 137.58250229083205, 300.10596434532647, 114.04422979236236, 21.63491639005796, 76.57819481445674, 337.4780181076176, 137.76198505289557, 98.44937478222815, 65.15980002520996, 357.55422195174594, 35.82099735711447, 80.87119255072864, 142.29528628581454, 182.09303373126795, 3.4513059886053554, 214.4505603403809, 188.34735855747036, 10.898858009851494, 167.49606807282822, 259.9214589959515, 75.97704534009992, 5.836294480877946, 48.44118250931065, 212.68684552507287, 236.28272134007761]
(111119.0285885405,)
[120.89781558201713, 209.70551892086425, 328.9086867594771, 137.58250229083205, 300.10596434532647, 114.04422979236236, 21.63491639005796, 76.57819481445674, 337.4780181076176, 137.76198505289557, 98.44937478222815, 65.15980002520996, 357.55422195174594, 35.82099735711447, 80.87119255072864, 142.29528628581454, 182.09303373126795, 3.4513059886053554, 214.4505603403809, 188.34735855747036, 10.898858009851494, 167.49606807282822, 259.9214589959515, 75.97704534009992, 5.836294480877946, 48.44118250931065, 212.68684552507287, 236.28272134007761]
(111119.0285885405,)
[286.51989134383564, 356.175659876466, 72.24151748492659, 40.68439428252361, 24.131205964423017, 335.13375240152163, 307.55919726232645, 68.25732357959765, 356.7766698808486, 281.16153994274, 56.22763571180964, 308.00407015620505, 343.6986766860286, 179.1689359290756, 66.91583101622044, 278.9914416697603, 333.51857541607353, 128.86342807002808, 114.93737195167024, 101.00468036476134, 71.44779651804714, 334.30545122123823, 243.4022666364597, 92.14872456615294, 139.69329632329084, 273.4605200328986, 323.36023536532946, 68.19176247476585]
(110358.0168315694,)
[286.51989134383564, 356.175659876466, 72.24151748492659, 40.68439428252361, 24.131205964423017, 335.13375240152163, 307.55919726232645, 68.25732357959765, 356.7766698808486, 281.16153994274, 56.22763571180964, 308.00407015620505, 343.6986766860286, 179.1689359290756, 66.91583101622044, 278.9914416697603, 333.51857541607353, 128.86342807002808, 114.93737195167024, 101.00468036476134, 71.44779651804714, 334.30545122123823, 243.4022666364597, 92.14872456615294, 139.69329632329084, 273.4605200328986, 323.36023536532946, 68.19176247476585]
(110358.0168315694,)
[286.51989134383564, 356.175659876466, 72.24151748492659, 40.68439428252361, 24.131205964423017, 335.13375240152163, 307.55919726232645, 68.25732357959765, 356.7766698808486, 281.16153994274, 56.22763571180964, 308.00407015620505, 343.6986766860286, 179.1689359290756, 66.91583101622044, 278.9914416697603, 333.51857541607353, 128.86342807002808, 114.93737195167024, 101.00468036476134, 71.44779651804714, 334.30545122123823, 243.4022666364597, 92.14872456615294, 139.69329632329084, 273.4605200328986, 323.36023536532946, 68.19176247476585]
(110358.0168315694,)
[286.51989134383564, 356.175659876466, 72.24151748492659, 40.68439428252361, 24.131205964423017, 335.13375240152163, 307.55919726232645, 68.25732357959765, 356.7766698808486, 281.16153994274, 56.22763571180964, 308.00407015620505, 343.6986766860286, 179.1689359290756, 66.91583101622044, 278.9914416697603, 333.51857541607353, 128.86342807002808, 114.93737195167024, 101.00468036476134, 71.44779651804714, 334.30545122123823, 243.4022666364597, 92.14872456615294, 139.69329632329084, 273.4605200328986, 323.36023536532946, 68.19176247476585]
(110358.0168315694,)
[286.51989134383564, 356.175659876466, 72.24151748492659, 40.68439428252361, 24.131205964423017, 335.13375240152163, 307.55919726232645, 68.25732357959765, 356.7766698808486, 281.16153994274, 56.22763571180964, 308.00407015620505, 343.6986766860286, 179.1689359290756, 66.91583101622044, 278.9914416697603, 333.51857541607353, 128.86342807002808, 114.93737195167024, 101.00468036476134, 71.44779651804714, 334.30545122123823, 243.4022666364597, 92.14872456615294, 139.69329632329084, 273.4605200328986, 323.36023536532946, 68.19176247476585]
(110358.0168315694,)
[286.51989134383564, 356.175659876466, 72.24151748492659, 40.68439428252361, 24.131205964423017, 335.13375240152163, 307.55919726232645, 68.25732357959765, 356.7766698808486, 281.16153994274, 56.22763571180964, 308.00407015620505, 343.6986766860286, 179.1689359290756, 66.91583101622044, 278.9914416697603, 333.51857541607353, 128.86342807002808, 114.93737195167024, 101.00468036476134, 71.44779651804714, 334.30545122123823, 243.4022666364597, 92.14872456615294, 139.69329632329084, 273.4605200328986, 323.36023536532946, 68.19176247476585]
(110358.0168315694,)
[286.51989134383564, 356.175659876466, 72.24151748492659, 40.68439428252361, 24.131205964423017, 335.13375240152163, 307.55919726232645, 68.25732357959765, 356.7766698808486, 281.16153994274, 56.22763571180964, 308.00407015620505, 343.6986766860286, 179.1689359290756, 66.91583101622044, 278.9914416697603, 333.51857541607353, 128.86342807002808, 114.93737195167024, 101.00468036476134, 71.44779651804714, 334.30545122123823, 243.4022666364597, 92.14872456615294, 139.69329632329084, 273.4605200328986, 323.36023536532946, 68.19176247476585]
(110358.0168315694,)
[286.51989134383564, 356.175659876466, 72.24151748492659, 40.68439428252361, 24.131205964423017, 335.13375240152163, 307.55919726232645, 68.25732357959765, 356.7766698808486, 281.16153994274, 56.22763571180964, 308.00407015620505, 343.6986766860286, 179.1689359290756, 66.91583101622044, 278.9914416697603, 333.51857541607353, 128.86342807002808, 114.93737195167024, 101.00468036476134, 71.44779651804714, 334.30545122123823, 243.4022666364597, 92.14872456615294, 139.69329632329084, 273.4605200328986, 323.36023536532946, 68.19176247476585]
(110358.0168315694,)
[286.51989134383564, 356.175659876466, 72.24151748492659, 40.68439428252361, 24.131205964423017, 335.13375240152163, 307.55919726232645, 68.25732357959765, 356.7766698808486, 281.16153994274, 56.22763571180964, 308.00407015620505, 343.6986766860286, 179.1689359290756, 66.91583101622044, 278.9914416697603, 333.51857541607353, 128.86342807002808, 114.93737195167024, 101.00468036476134, 71.44779651804714, 334.30545122123823, 243.4022666364597, 92.14872456615294, 139.69329632329084, 273.4605200328986, 323.36023536532946, 68.19176247476585]
(110358.0168315694,)
[286.51989134383564, 356.175659876466, 72.24151748492659, 40.68439428252361, 24.131205964423017, 335.13375240152163, 307.55919726232645, 68.25732357959765, 356.7766698808486, 281.16153994274, 56.22763571180964, 308.00407015620505, 343.6986766860286, 179.1689359290756, 66.91583101622044, 278.9914416697603, 333.51857541607353, 128.86342807002808, 114.93737195167024, 101.00468036476134, 71.44779651804714, 334.30545122123823, 243.4022666364597, 92.14872456615294, 139.69329632329084, 273.4605200328986, 323.36023536532946, 68.19176247476585]
(110358.0168315694,)
[286.51989134383564, 356.175659876466, 72.24151748492659, 40.68439428252361, 24.131205964423017, 335.13375240152163, 307.55919726232645, 68.25732357959765, 356.7766698808486, 281.16153994274, 56.22763571180964, 308.00407015620505, 343.6986766860286, 179.1689359290756, 66.91583101622044, 278.9914416697603, 333.51857541607353, 128.86342807002808, 114.93737195167024, 101.00468036476134, 71.44779651804714, 334.30545122123823, 243.4022666364597, 92.14872456615294, 139.69329632329084, 273.4605200328986, 323.36023536532946, 68.19176247476585]
(110358.0168315694,)
[286.51989134383564, 356.175659876466, 72.24151748492659, 40.68439428252361, 24.131205964423017, 335.13375240152163, 307.55919726232645, 68.25732357959765, 356.7766698808486, 281.16153994274, 56.22763571180964, 308.00407015620505, 343.6986766860286, 179.1689359290756, 66.91583101622044, 278.9914416697603, 333.51857541607353, 128.86342807002808, 114.93737195167024, 101.00468036476134, 71.44779651804714, 334.30545122123823, 243.4022666364597, 92.14872456615294, 139.69329632329084, 273.4605200328986, 323.36023536532946, 68.19176247476585]
(110358.0168315694,)
[286.51989134383564, 356.175659876466, 72.24151748492659, 40.68439428252361, 24.131205964423017, 335.13375240152163, 307.55919726232645, 68.25732357959765, 356.7766698808486, 281.16153994274, 56.22763571180964, 308.00407015620505, 343.6986766860286, 179.1689359290756, 66.91583101622044, 278.9914416697603, 333.51857541607353, 128.86342807002808, 114.93737195167024, 101.00468036476134, 71.44779651804714, 334.30545122123823, 243.4022666364597, 92.14872456615294, 139.69329632329084, 273.4605200328986, 323.36023536532946, 68.19176247476585]
(110358.0168315694,)
[286.51989134383564, 356.175659876466, 72.24151748492659, 40.68439428252361, 24.131205964423017, 335.13375240152163, 307.55919726232645, 68.25732357959765, 356.7766698808486, 281.16153994274, 56.22763571180964, 308.00407015620505, 343.6986766860286, 179.1689359290756, 66.91583101622044, 278.9914416697603, 333.51857541607353, 128.86342807002808, 114.93737195167024, 101.00468036476134, 71.44779651804714, 334.30545122123823, 243.4022666364597, 92.14872456615294, 139.69329632329084, 273.4605200328986, 323.36023536532946, 68.19176247476585]
(110358.0168315694,)
[286.51989134383564, 356.175659876466, 72.24151748492659, 40.68439428252361, 24.131205964423017, 335.13375240152163, 307.55919726232645, 68.25732357959765, 356.7766698808486, 281.16153994274, 56.22763571180964, 308.00407015620505, 343.6986766860286, 179.1689359290756, 66.91583101622044, 278.9914416697603, 333.51857541607353, 128.86342807002808, 114.93737195167024, 101.00468036476134, 71.44779651804714, 334.30545122123823, 243.4022666364597, 92.14872456615294, 139.69329632329084, 273.4605200328986, 323.36023536532946, 68.19176247476585]
(110358.0168315694,)
[286.51989134383564, 356.175659876466, 72.24151748492659, 40.68439428252361, 24.131205964423017, 335.13375240152163, 307.55919726232645, 68.25732357959765, 356.7766698808486, 281.16153994274, 56.22763571180964, 308.00407015620505, 343.6986766860286, 179.1689359290756, 66.91583101622044, 278.9914416697603, 333.51857541607353, 128.86342807002808, 114.93737195167024, 101.00468036476134, 71.44779651804714, 334.30545122123823, 243.4022666364597, 92.14872456615294, 139.69329632329084, 273.4605200328986, 323.36023536532946, 68.19176247476585]
(110358.0168315694,)
[286.51989134383564, 356.175659876466, 72.24151748492659, 40.68439428252361, 24.131205964423017, 335.13375240152163, 307.55919726232645, 68.25732357959765, 356.7766698808486, 281.16153994274, 56.22763571180964, 308.00407015620505, 343.6986766860286, 179.1689359290756, 66.91583101622044, 278.9914416697603, 333.51857541607353, 128.86342807002808, 114.93737195167024, 101.00468036476134, 71.44779651804714, 334.30545122123823, 243.4022666364597, 92.14872456615294, 139.69329632329084, 273.4605200328986, 323.36023536532946, 68.19176247476585]
(110358.0168315694,)
[286.51989134383564, 356.175659876466, 72.24151748492659, 40.68439428252361, 24.131205964423017, 335.13375240152163, 307.55919726232645, 68.25732357959765, 356.7766698808486, 281.16153994274, 56.22763571180964, 308.00407015620505, 343.6986766860286, 179.1689359290756, 66.91583101622044, 278.9914416697603, 333.51857541607353, 128.86342807002808, 114.93737195167024, 101.00468036476134, 71.44779651804714, 334.30545122123823, 243.4022666364597, 92.14872456615294, 139.69329632329084, 273.4605200328986, 323.36023536532946, 68.19176247476585]
(110358.0168315694,)
[286.51989134383564, 356.175659876466, 72.24151748492659, 40.68439428252361, 24.131205964423017, 335.13375240152163, 307.55919726232645, 68.25732357959765, 356.7766698808486, 281.16153994274, 56.22763571180964, 308.00407015620505, 343.6986766860286, 179.1689359290756, 66.91583101622044, 278.9914416697603, 333.51857541607353, 128.86342807002808, 114.93737195167024, 101.00468036476134, 71.44779651804714, 334.30545122123823, 243.4022666364597, 92.14872456615294, 139.69329632329084, 273.4605200328986, 323.36023536532946, 68.19176247476585]
(110358.0168315694,)
[286.51989134383564, 356.175659876466, 72.24151748492659, 40.68439428252361, 24.131205964423017, 335.13375240152163, 307.55919726232645, 68.25732357959765, 356.7766698808486, 281.16153994274, 56.22763571180964, 308.00407015620505, 343.6986766860286, 179.1689359290756, 66.91583101622044, 278.9914416697603, 333.51857541607353, 128.86342807002808, 114.93737195167024, 101.00468036476134, 71.44779651804714, 334.30545122123823, 243.4022666364597, 92.14872456615294, 139.69329632329084, 273.4605200328986, 323.36023536532946, 68.19176247476585]
(110358.0168315694,)
[286.51989134383564, 356.175659876466, 72.24151748492659, 40.68439428252361, 24.131205964423017, 335.13375240152163, 307.55919726232645, 68.25732357959765, 356.7766698808486, 281.16153994274, 56.22763571180964, 308.00407015620505, 343.6986766860286, 179.1689359290756, 66.91583101622044, 278.9914416697603, 333.51857541607353, 128.86342807002808, 114.93737195167024, 101.00468036476134, 71.44779651804714, 334.30545122123823, 243.4022666364597, 92.14872456615294, 139.69329632329084, 273.4605200328986, 323.36023536532946, 68.19176247476585]
(110358.0168315694,)
[286.51989134383564, 356.175659876466, 72.24151748492659, 40.68439428252361, 24.131205964423017, 335.13375240152163, 307.55919726232645, 68.25732357959765, 356.7766698808486, 281.16153994274, 56.22763571180964, 308.00407015620505, 343.6986766860286, 179.1689359290756, 66.91583101622044, 278.9914416697603, 333.51857541607353, 128.86342807002808, 114.93737195167024, 101.00468036476134, 71.44779651804714, 334.30545122123823, 243.4022666364597, 92.14872456615294, 139.69329632329084, 273.4605200328986, 323.36023536532946, 68.19176247476585]
(110358.0168315694,)
[164.8219911741208, 309.16849855902905, 94.80626371698565, 6.486058015686893, 53.55011280795387, 68.86773114572155, 23.24643597386767, 44.85351051783914, 74.68579519400366, 58.778811266028875, 64.03412032488008, 1.4705970583030705, 58.405841516680354, 5.3134328935854, 339.64462421177217, 69.5385252284767, 238.52361283366056, 333.69588763786453, 72.49970836441514, 232.35008746213666, 65.6421161026688, 8.03571909236149, 292.97859535394446, 12.013277375859829, 183.04303827960968, 47.51782824362357, 63.5472541841692, 275.38436147644353]
(109907.4317141754,)
[164.8219911741208, 309.16849855902905, 94.80626371698565, 6.486058015686893, 53.55011280795387, 68.86773114572155, 23.24643597386767, 44.85351051783914, 74.68579519400366, 58.778811266028875, 64.03412032488008, 1.4705970583030705, 58.405841516680354, 5.3134328935854, 339.64462421177217, 69.5385252284767, 238.52361283366056, 333.69588763786453, 72.49970836441514, 232.35008746213666, 65.6421161026688, 8.03571909236149, 292.97859535394446, 12.013277375859829, 183.04303827960968, 47.51782824362357, 63.5472541841692, 275.38436147644353]
(109907.4317141754,)
[164.8219911741208, 309.16849855902905, 94.80626371698565, 6.486058015686893, 53.55011280795387, 68.86773114572155, 23.24643597386767, 44.85351051783914, 74.68579519400366, 58.778811266028875, 64.03412032488008, 1.4705970583030705, 58.405841516680354, 5.3134328935854, 339.64462421177217, 69.5385252284767, 238.52361283366056, 333.69588763786453, 72.49970836441514, 232.35008746213666, 65.6421161026688, 8.03571909236149, 292.97859535394446, 12.013277375859829, 183.04303827960968, 47.51782824362357, 63.5472541841692, 275.38436147644353]
(109907.4317141754,)
[164.8219911741208, 309.16849855902905, 94.80626371698565, 6.486058015686893, 53.55011280795387, 68.86773114572155, 23.24643597386767, 44.85351051783914, 74.68579519400366, 58.778811266028875, 64.03412032488008, 1.4705970583030705, 58.405841516680354, 5.3134328935854, 339.64462421177217, 69.5385252284767, 238.52361283366056, 333.69588763786453, 72.49970836441514, 232.35008746213666, 65.6421161026688, 8.03571909236149, 292.97859535394446, 12.013277375859829, 183.04303827960968, 47.51782824362357, 63.5472541841692, 275.38436147644353]
(109907.4317141754,)
[164.8219911741208, 309.16849855902905, 94.80626371698565, 6.486058015686893, 53.55011280795387, 68.86773114572155, 23.24643597386767, 44.85351051783914, 74.68579519400366, 58.778811266028875, 64.03412032488008, 1.4705970583030705, 58.405841516680354, 5.3134328935854, 339.64462421177217, 69.5385252284767, 238.52361283366056, 333.69588763786453, 72.49970836441514, 232.35008746213666, 65.6421161026688, 8.03571909236149, 292.97859535394446, 12.013277375859829, 183.04303827960968, 47.51782824362357, 63.5472541841692, 275.38436147644353]
(109907.4317141754,)
[164.8219911741208, 309.16849855902905, 94.80626371698565, 6.486058015686893, 53.55011280795387, 68.86773114572155, 23.24643597386767, 44.85351051783914, 74.68579519400366, 58.778811266028875, 64.03412032488008, 1.4705970583030705, 58.405841516680354, 5.3134328935854, 339.64462421177217, 69.5385252284767, 238.52361283366056, 333.69588763786453, 72.49970836441514, 232.35008746213666, 65.6421161026688, 8.03571909236149, 292.97859535394446, 12.013277375859829, 183.04303827960968, 47.51782824362357, 63.5472541841692, 275.38436147644353]
(109907.4317141754,)
[164.8219911741208, 309.16849855902905, 94.80626371698565, 6.486058015686893, 53.55011280795387, 68.86773114572155, 23.24643597386767, 44.85351051783914, 74.68579519400366, 58.778811266028875, 64.03412032488008, 1.4705970583030705, 58.405841516680354, 5.3134328935854, 339.64462421177217, 69.5385252284767, 238.52361283366056, 333.69588763786453, 72.49970836441514, 232.35008746213666, 65.6421161026688, 8.03571909236149, 292.97859535394446, 12.013277375859829, 183.04303827960968, 47.51782824362357, 63.5472541841692, 275.38436147644353]
(109907.4317141754,)
[164.8219911741208, 309.16849855902905, 94.80626371698565, 6.486058015686893, 53.55011280795387, 68.86773114572155, 23.24643597386767, 44.85351051783914, 74.68579519400366, 58.778811266028875, 64.03412032488008, 1.4705970583030705, 58.405841516680354, 5.3134328935854, 339.64462421177217, 69.5385252284767, 238.52361283366056, 333.69588763786453, 72.49970836441514, 232.35008746213666, 65.6421161026688, 8.03571909236149, 292.97859535394446, 12.013277375859829, 183.04303827960968, 47.51782824362357, 63.5472541841692, 275.38436147644353]
(109907.4317141754,)
[164.8219911741208, 309.16849855902905, 94.80626371698565, 6.486058015686893, 53.55011280795387, 68.86773114572155, 23.24643597386767, 44.85351051783914, 74.68579519400366, 58.778811266028875, 64.03412032488008, 1.4705970583030705, 58.405841516680354, 5.3134328935854, 339.64462421177217, 69.5385252284767, 238.52361283366056, 333.69588763786453, 72.49970836441514, 232.35008746213666, 65.6421161026688, 8.03571909236149, 292.97859535394446, 12.013277375859829, 183.04303827960968, 47.51782824362357, 63.5472541841692, 275.38436147644353]
(109907.4317141754,)
[164.8219911741208, 309.16849855902905, 94.80626371698565, 6.486058015686893, 53.55011280795387, 68.86773114572155, 23.24643597386767, 44.85351051783914, 74.68579519400366, 58.778811266028875, 64.03412032488008, 1.4705970583030705, 58.405841516680354, 5.3134328935854, 339.64462421177217, 69.5385252284767, 238.52361283366056, 333.69588763786453, 72.49970836441514, 232.35008746213666, 65.6421161026688, 8.03571909236149, 292.97859535394446, 12.013277375859829, 183.04303827960968, 47.51782824362357, 63.5472541841692, 275.38436147644353]
(109907.4317141754,)
[164.8219911741208, 309.16849855902905, 94.80626371698565, 6.486058015686893, 53.55011280795387, 68.86773114572155, 23.24643597386767, 44.85351051783914, 74.68579519400366, 58.778811266028875, 64.03412032488008, 1.4705970583030705, 58.405841516680354, 5.3134328935854, 339.64462421177217, 69.5385252284767, 238.52361283366056, 333.69588763786453, 72.49970836441514, 232.35008746213666, 65.6421161026688, 8.03571909236149, 292.97859535394446, 12.013277375859829, 183.04303827960968, 47.51782824362357, 63.5472541841692, 275.38436147644353]
(109907.4317141754,)
[164.8219911741208, 309.16849855902905, 94.80626371698565, 6.486058015686893, 53.55011280795387, 68.86773114572155, 23.24643597386767, 44.85351051783914, 74.68579519400366, 58.778811266028875, 64.03412032488008, 1.4705970583030705, 58.405841516680354, 5.3134328935854, 339.64462421177217, 69.5385252284767, 238.52361283366056, 333.69588763786453, 72.49970836441514, 232.35008746213666, 65.6421161026688, 8.03571909236149, 292.97859535394446, 12.013277375859829, 183.04303827960968, 47.51782824362357, 63.5472541841692, 275.38436147644353]
(109907.4317141754,)
[164.8219911741208, 309.16849855902905, 94.80626371698565, 6.486058015686893, 53.55011280795387, 68.86773114572155, 23.24643597386767, 44.85351051783914, 74.68579519400366, 58.778811266028875, 64.03412032488008, 1.4705970583030705, 58.405841516680354, 5.3134328935854, 339.64462421177217, 69.5385252284767, 238.52361283366056, 333.69588763786453, 72.49970836441514, 232.35008746213666, 65.6421161026688, 8.03571909236149, 292.97859535394446, 12.013277375859829, 183.04303827960968, 47.51782824362357, 63.5472541841692, 275.38436147644353]
(109907.4317141754,)
[164.8219911741208, 309.16849855902905, 94.80626371698565, 6.486058015686893, 53.55011280795387, 68.86773114572155, 23.24643597386767, 44.85351051783914, 74.68579519400366, 58.778811266028875, 64.03412032488008, 1.4705970583030705, 58.405841516680354, 5.3134328935854, 339.64462421177217, 69.5385252284767, 238.52361283366056, 333.69588763786453, 72.49970836441514, 232.35008746213666, 65.6421161026688, 8.03571909236149, 292.97859535394446, 12.013277375859829, 183.04303827960968, 47.51782824362357, 63.5472541841692, 275.38436147644353]
(109907.4317141754,)
[164.8219911741208, 309.16849855902905, 94.80626371698565, 6.486058015686893, 53.55011280795387, 68.86773114572155, 23.24643597386767, 44.85351051783914, 74.68579519400366, 58.778811266028875, 64.03412032488008, 1.4705970583030705, 58.405841516680354, 5.3134328935854, 339.64462421177217, 69.5385252284767, 238.52361283366056, 333.69588763786453, 72.49970836441514, 232.35008746213666, 65.6421161026688, 8.03571909236149, 292.97859535394446, 12.013277375859829, 183.04303827960968, 47.51782824362357, 63.5472541841692, 275.38436147644353]
(109907.4317141754,)
[164.8219911741208, 309.16849855902905, 94.80626371698565, 6.486058015686893, 53.55011280795387, 68.86773114572155, 23.24643597386767, 44.85351051783914, 74.68579519400366, 58.778811266028875, 64.03412032488008, 1.4705970583030705, 58.405841516680354, 5.3134328935854, 339.64462421177217, 69.5385252284767, 238.52361283366056, 333.69588763786453, 72.49970836441514, 232.35008746213666, 65.6421161026688, 8.03571909236149, 292.97859535394446, 12.013277375859829, 183.04303827960968, 47.51782824362357, 63.5472541841692, 275.38436147644353]
(109907.4317141754,)
[164.8219911741208, 309.16849855902905, 94.80626371698565, 6.486058015686893, 53.55011280795387, 68.86773114572155, 23.24643597386767, 44.85351051783914, 74.68579519400366, 58.778811266028875, 64.03412032488008, 1.4705970583030705, 58.405841516680354, 5.3134328935854, 339.64462421177217, 69.5385252284767, 238.52361283366056, 333.69588763786453, 72.49970836441514, 232.35008746213666, 65.6421161026688, 8.03571909236149, 292.97859535394446, 12.013277375859829, 183.04303827960968, 47.51782824362357, 63.5472541841692, 275.38436147644353]
(109907.4317141754,)
[164.8219911741208, 309.16849855902905, 94.80626371698565, 6.486058015686893, 53.55011280795387, 68.86773114572155, 23.24643597386767, 44.85351051783914, 74.68579519400366, 58.778811266028875, 64.03412032488008, 1.4705970583030705, 58.405841516680354, 5.3134328935854, 339.64462421177217, 69.5385252284767, 238.52361283366056, 333.69588763786453, 72.49970836441514, 232.35008746213666, 65.6421161026688, 8.03571909236149, 292.97859535394446, 12.013277375859829, 183.04303827960968, 47.51782824362357, 63.5472541841692, 275.38436147644353]
(109907.4317141754,)
[164.8219911741208, 309.16849855902905, 94.80626371698565, 6.486058015686893, 53.55011280795387, 68.86773114572155, 23.24643597386767, 44.85351051783914, 74.68579519400366, 58.778811266028875, 64.03412032488008, 1.4705970583030705, 58.405841516680354, 5.3134328935854, 339.64462421177217, 69.5385252284767, 238.52361283366056, 333.69588763786453, 72.49970836441514, 232.35008746213666, 65.6421161026688, 8.03571909236149, 292.97859535394446, 12.013277375859829, 183.04303827960968, 47.51782824362357, 63.5472541841692, 275.38436147644353]
(109907.4317141754,)
[164.8219911741208, 309.16849855902905, 94.80626371698565, 6.486058015686893, 53.55011280795387, 68.86773114572155, 23.24643597386767, 44.85351051783914, 74.68579519400366, 58.778811266028875, 64.03412032488008, 1.4705970583030705, 58.405841516680354, 5.3134328935854, 339.64462421177217, 69.5385252284767, 238.52361283366056, 333.69588763786453, 72.49970836441514, 232.35008746213666, 65.6421161026688, 8.03571909236149, 292.97859535394446, 12.013277375859829, 183.04303827960968, 47.51782824362357, 63.5472541841692, 275.38436147644353]
(109907.4317141754,)
[164.8219911741208, 309.16849855902905, 94.80626371698565, 6.486058015686893, 53.55011280795387, 68.86773114572155, 23.24643597386767, 44.85351051783914, 74.68579519400366, 58.778811266028875, 64.03412032488008, 1.4705970583030705, 58.405841516680354, 5.3134328935854, 339.64462421177217, 69.5385252284767, 238.52361283366056, 333.69588763786453, 72.49970836441514, 232.35008746213666, 65.6421161026688, 8.03571909236149, 292.97859535394446, 12.013277375859829, 183.04303827960968, 47.51782824362357, 63.5472541841692, 275.38436147644353]
(109907.4317141754,)
[164.8219911741208, 309.16849855902905, 94.80626371698565, 6.486058015686893, 53.55011280795387, 68.86773114572155, 23.24643597386767, 44.85351051783914, 74.68579519400366, 58.778811266028875, 64.03412032488008, 1.4705970583030705, 58.405841516680354, 5.3134328935854, 339.64462421177217, 69.5385252284767, 238.52361283366056, 333.69588763786453, 72.49970836441514, 232.35008746213666, 65.6421161026688, 8.03571909236149, 292.97859535394446, 12.013277375859829, 183.04303827960968, 47.51782824362357, 63.5472541841692, 275.38436147644353]
(109907.4317141754,)
[164.8219911741208, 309.16849855902905, 94.80626371698565, 6.486058015686893, 53.55011280795387, 68.86773114572155, 23.24643597386767, 44.85351051783914, 74.68579519400366, 58.778811266028875, 64.03412032488008, 1.4705970583030705, 58.405841516680354, 5.3134328935854, 339.64462421177217, 69.5385252284767, 238.52361283366056, 333.69588763786453, 72.49970836441514, 232.35008746213666, 65.6421161026688, 8.03571909236149, 292.97859535394446, 12.013277375859829, 183.04303827960968, 47.51782824362357, 63.5472541841692, 275.38436147644353]
(109907.4317141754,)
[164.8219911741208, 309.16849855902905, 94.80626371698565, 6.486058015686893, 53.55011280795387, 68.86773114572155, 23.24643597386767, 44.85351051783914, 74.68579519400366, 58.778811266028875, 64.03412032488008, 1.4705970583030705, 58.405841516680354, 5.3134328935854, 339.64462421177217, 69.5385252284767, 238.52361283366056, 333.69588763786453, 72.49970836441514, 232.35008746213666, 65.6421161026688, 8.03571909236149, 292.97859535394446, 12.013277375859829, 183.04303827960968, 47.51782824362357, 63.5472541841692, 275.38436147644353]
(109907.4317141754,)
[164.8219911741208, 309.16849855902905, 94.80626371698565, 6.486058015686893, 53.55011280795387, 68.86773114572155, 23.24643597386767, 44.85351051783914, 74.68579519400366, 58.778811266028875, 64.03412032488008, 1.4705970583030705, 58.405841516680354, 5.3134328935854, 339.64462421177217, 69.5385252284767, 238.52361283366056, 333.69588763786453, 72.49970836441514, 232.35008746213666, 65.6421161026688, 8.03571909236149, 292.97859535394446, 12.013277375859829, 183.04303827960968, 47.51782824362357, 63.5472541841692, 275.38436147644353]
(109907.4317141754,)
[164.8219911741208, 309.16849855902905, 94.80626371698565, 6.486058015686893, 53.55011280795387, 68.86773114572155, 23.24643597386767, 44.85351051783914, 74.68579519400366, 58.778811266028875, 64.03412032488008, 1.4705970583030705, 58.405841516680354, 5.3134328935854, 339.64462421177217, 69.5385252284767, 238.52361283366056, 333.69588763786453, 72.49970836441514, 232.35008746213666, 65.6421161026688, 8.03571909236149, 292.97859535394446, 12.013277375859829, 183.04303827960968, 47.51782824362357, 63.5472541841692, 275.38436147644353]
(109907.4317141754,)
[164.8219911741208, 309.16849855902905, 94.80626371698565, 6.486058015686893, 53.55011280795387, 68.86773114572155, 23.24643597386767, 44.85351051783914, 74.68579519400366, 58.778811266028875, 64.03412032488008, 1.4705970583030705, 58.405841516680354, 5.3134328935854, 339.64462421177217, 69.5385252284767, 238.52361283366056, 333.69588763786453, 72.49970836441514, 232.35008746213666, 65.6421161026688, 8.03571909236149, 292.97859535394446, 12.013277375859829, 183.04303827960968, 47.51782824362357, 63.5472541841692, 275.38436147644353]
(109907.4317141754,)
[164.8219911741208, 309.16849855902905, 94.80626371698565, 6.486058015686893, 53.55011280795387, 68.86773114572155, 23.24643597386767, 44.85351051783914, 74.68579519400366, 58.778811266028875, 64.03412032488008, 1.4705970583030705, 58.405841516680354, 5.3134328935854, 339.64462421177217, 69.5385252284767, 238.52361283366056, 333.69588763786453, 72.49970836441514, 232.35008746213666, 65.6421161026688, 8.03571909236149, 292.97859535394446, 12.013277375859829, 183.04303827960968, 47.51782824362357, 63.5472541841692, 275.38436147644353]
(109907.4317141754,)
[164.8219911741208, 309.16849855902905, 94.80626371698565, 6.486058015686893, 53.55011280795387, 68.86773114572155, 23.24643597386767, 44.85351051783914, 74.68579519400366, 58.778811266028875, 64.03412032488008, 1.4705970583030705, 58.405841516680354, 5.3134328935854, 339.64462421177217, 69.5385252284767, 238.52361283366056, 333.69588763786453, 72.49970836441514, 232.35008746213666, 65.6421161026688, 8.03571909236149, 292.97859535394446, 12.013277375859829, 183.04303827960968, 47.51782824362357, 63.5472541841692, 275.38436147644353]
(109907.4317141754,)
[164.8219911741208, 309.16849855902905, 94.80626371698565, 6.486058015686893, 53.55011280795387, 68.86773114572155, 23.24643597386767, 44.85351051783914, 74.68579519400366, 58.778811266028875, 64.03412032488008, 1.4705970583030705, 58.405841516680354, 5.3134328935854, 339.64462421177217, 69.5385252284767, 238.52361283366056, 333.69588763786453, 72.49970836441514, 232.35008746213666, 65.6421161026688, 8.03571909236149, 292.97859535394446, 12.013277375859829, 183.04303827960968, 47.51782824362357, 63.5472541841692, 275.38436147644353]
(109907.4317141754,)
[164.8219911741208, 309.16849855902905, 94.80626371698565, 6.486058015686893, 53.55011280795387, 68.86773114572155, 23.24643597386767, 44.85351051783914, 74.68579519400366, 58.778811266028875, 64.03412032488008, 1.4705970583030705, 58.405841516680354, 5.3134328935854, 339.64462421177217, 69.5385252284767, 238.52361283366056, 333.69588763786453, 72.49970836441514, 232.35008746213666, 65.6421161026688, 8.03571909236149, 292.97859535394446, 12.013277375859829, 183.04303827960968, 47.51782824362357, 63.5472541841692, 275.38436147644353]
(109907.4317141754,)
[164.8219911741208, 309.16849855902905, 94.80626371698565, 6.486058015686893, 53.55011280795387, 68.86773114572155, 23.24643597386767, 44.85351051783914, 74.68579519400366, 58.778811266028875, 64.03412032488008, 1.4705970583030705, 58.405841516680354, 5.3134328935854, 339.64462421177217, 69.5385252284767, 238.52361283366056, 333.69588763786453, 72.49970836441514, 232.35008746213666, 65.6421161026688, 8.03571909236149, 292.97859535394446, 12.013277375859829, 183.04303827960968, 47.51782824362357, 63.5472541841692, 275.38436147644353]
(109907.4317141754,)
[164.8219911741208, 309.16849855902905, 94.80626371698565, 6.486058015686893, 53.55011280795387, 68.86773114572155, 23.24643597386767, 44.85351051783914, 74.68579519400366, 58.778811266028875, 64.03412032488008, 1.4705970583030705, 58.405841516680354, 5.3134328935854, 339.64462421177217, 69.5385252284767, 238.52361283366056, 333.69588763786453, 72.49970836441514, 232.35008746213666, 65.6421161026688, 8.03571909236149, 292.97859535394446, 12.013277375859829, 183.04303827960968, 47.51782824362357, 63.5472541841692, 275.38436147644353]
(109907.4317141754,)
[164.8219911741208, 309.16849855902905, 94.80626371698565, 6.486058015686893, 53.55011280795387, 68.86773114572155, 23.24643597386767, 44.85351051783914, 74.68579519400366, 58.778811266028875, 64.03412032488008, 1.4705970583030705, 58.405841516680354, 5.3134328935854, 339.64462421177217, 69.5385252284767, 238.52361283366056, 333.69588763786453, 72.49970836441514, 232.35008746213666, 65.6421161026688, 8.03571909236149, 292.97859535394446, 12.013277375859829, 183.04303827960968, 47.51782824362357, 63.5472541841692, 275.38436147644353]
(109907.4317141754,)
[164.8219911741208, 309.16849855902905, 94.80626371698565, 6.486058015686893, 53.55011280795387, 68.86773114572155, 23.24643597386767, 44.85351051783914, 74.68579519400366, 58.778811266028875, 64.03412032488008, 1.4705970583030705, 58.405841516680354, 5.3134328935854, 339.64462421177217, 69.5385252284767, 238.52361283366056, 333.69588763786453, 72.49970836441514, 232.35008746213666, 65.6421161026688, 8.03571909236149, 292.97859535394446, 12.013277375859829, 183.04303827960968, 47.51782824362357, 63.5472541841692, 275.38436147644353]
(109907.4317141754,)
[164.8219911741208, 309.16849855902905, 94.80626371698565, 6.486058015686893, 53.55011280795387, 68.86773114572155, 23.24643597386767, 44.85351051783914, 74.68579519400366, 58.778811266028875, 64.03412032488008, 1.4705970583030705, 58.405841516680354, 5.3134328935854, 339.64462421177217, 69.5385252284767, 238.52361283366056, 333.69588763786453, 72.49970836441514, 232.35008746213666, 65.6421161026688, 8.03571909236149, 292.97859535394446, 12.013277375859829, 183.04303827960968, 47.51782824362357, 63.5472541841692, 275.38436147644353]
(109907.4317141754,)
[164.8219911741208, 309.16849855902905, 94.80626371698565, 6.486058015686893, 53.55011280795387, 68.86773114572155, 23.24643597386767, 44.85351051783914, 74.68579519400366, 58.778811266028875, 64.03412032488008, 1.4705970583030705, 58.405841516680354, 5.3134328935854, 339.64462421177217, 69.5385252284767, 238.52361283366056, 333.69588763786453, 72.49970836441514, 232.35008746213666, 65.6421161026688, 8.03571909236149, 292.97859535394446, 12.013277375859829, 183.04303827960968, 47.51782824362357, 63.5472541841692, 275.38436147644353]
(109907.4317141754,)
[164.8219911741208, 309.16849855902905, 94.80626371698565, 6.486058015686893, 53.55011280795387, 68.86773114572155, 23.24643597386767, 44.85351051783914, 74.68579519400366, 58.778811266028875, 64.03412032488008, 1.4705970583030705, 58.405841516680354, 5.3134328935854, 339.64462421177217, 69.5385252284767, 238.52361283366056, 333.69588763786453, 72.49970836441514, 232.35008746213666, 65.6421161026688, 8.03571909236149, 292.97859535394446, 12.013277375859829, 183.04303827960968, 47.51782824362357, 63.5472541841692, 275.38436147644353]
(109907.4317141754,)
[164.8219911741208, 309.16849855902905, 94.80626371698565, 6.486058015686893, 53.55011280795387, 68.86773114572155, 23.24643597386767, 44.85351051783914, 74.68579519400366, 58.778811266028875, 64.03412032488008, 1.4705970583030705, 58.405841516680354, 5.3134328935854, 339.64462421177217, 69.5385252284767, 238.52361283366056, 333.69588763786453, 72.49970836441514, 232.35008746213666, 65.6421161026688, 8.03571909236149, 292.97859535394446, 12.013277375859829, 183.04303827960968, 47.51782824362357, 63.5472541841692, 275.38436147644353]
(109907.4317141754,)
[164.8219911741208, 309.16849855902905, 94.80626371698565, 6.486058015686893, 53.55011280795387, 68.86773114572155, 23.24643597386767, 44.85351051783914, 74.68579519400366, 58.778811266028875, 64.03412032488008, 1.4705970583030705, 58.405841516680354, 5.3134328935854, 339.64462421177217, 69.5385252284767, 238.52361283366056, 333.69588763786453, 72.49970836441514, 232.35008746213666, 65.6421161026688, 8.03571909236149, 292.97859535394446, 12.013277375859829, 183.04303827960968, 47.51782824362357, 63.5472541841692, 275.38436147644353]
(109907.4317141754,)
[164.8219911741208, 309.16849855902905, 94.80626371698565, 6.486058015686893, 53.55011280795387, 68.86773114572155, 23.24643597386767, 44.85351051783914, 74.68579519400366, 58.778811266028875, 64.03412032488008, 1.4705970583030705, 58.405841516680354, 5.3134328935854, 339.64462421177217, 69.5385252284767, 238.52361283366056, 333.69588763786453, 72.49970836441514, 232.35008746213666, 65.6421161026688, 8.03571909236149, 292.97859535394446, 12.013277375859829, 183.04303827960968, 47.51782824362357, 63.5472541841692, 275.38436147644353]
(109907.4317141754,)
[164.8219911741208, 309.16849855902905, 94.80626371698565, 6.486058015686893, 53.55011280795387, 68.86773114572155, 23.24643597386767, 44.85351051783914, 74.68579519400366, 58.778811266028875, 64.03412032488008, 1.4705970583030705, 58.405841516680354, 5.3134328935854, 339.64462421177217, 69.5385252284767, 238.52361283366056, 333.69588763786453, 72.49970836441514, 232.35008746213666, 65.6421161026688, 8.03571909236149, 292.97859535394446, 12.013277375859829, 183.04303827960968, 47.51782824362357, 63.5472541841692, 275.38436147644353]
(109907.4317141754,)
[164.8219911741208, 309.16849855902905, 94.80626371698565, 6.486058015686893, 53.55011280795387, 68.86773114572155, 23.24643597386767, 44.85351051783914, 74.68579519400366, 58.778811266028875, 64.03412032488008, 1.4705970583030705, 58.405841516680354, 5.3134328935854, 339.64462421177217, 69.5385252284767, 238.52361283366056, 333.69588763786453, 72.49970836441514, 232.35008746213666, 65.6421161026688, 8.03571909236149, 292.97859535394446, 12.013277375859829, 183.04303827960968, 47.51782824362357, 63.5472541841692, 275.38436147644353]
(109907.4317141754,)
[164.8219911741208, 309.16849855902905, 94.80626371698565, 6.486058015686893, 53.55011280795387, 68.86773114572155, 23.24643597386767, 44.85351051783914, 74.68579519400366, 58.778811266028875, 64.03412032488008, 1.4705970583030705, 58.405841516680354, 5.3134328935854, 339.64462421177217, 69.5385252284767, 238.52361283366056, 333.69588763786453, 72.49970836441514, 232.35008746213666, 65.6421161026688, 8.03571909236149, 292.97859535394446, 12.013277375859829, 183.04303827960968, 47.51782824362357, 63.5472541841692, 275.38436147644353]
(109907.4317141754,)
[164.8219911741208, 309.16849855902905, 94.80626371698565, 6.486058015686893, 53.55011280795387, 68.86773114572155, 23.24643597386767, 44.85351051783914, 74.68579519400366, 58.778811266028875, 64.03412032488008, 1.4705970583030705, 58.405841516680354, 5.3134328935854, 339.64462421177217, 69.5385252284767, 238.52361283366056, 333.69588763786453, 72.49970836441514, 232.35008746213666, 65.6421161026688, 8.03571909236149, 292.97859535394446, 12.013277375859829, 183.04303827960968, 47.51782824362357, 63.5472541841692, 275.38436147644353]
(109907.4317141754,)
[164.8219911741208, 309.16849855902905, 94.80626371698565, 6.486058015686893, 53.55011280795387, 68.86773114572155, 23.24643597386767, 44.85351051783914, 74.68579519400366, 58.778811266028875, 64.03412032488008, 1.4705970583030705, 58.405841516680354, 5.3134328935854, 339.64462421177217, 69.5385252284767, 238.52361283366056, 333.69588763786453, 72.49970836441514, 232.35008746213666, 65.6421161026688, 8.03571909236149, 292.97859535394446, 12.013277375859829, 183.04303827960968, 47.51782824362357, 63.5472541841692, 275.38436147644353]
(109907.4317141754,)
[164.8219911741208, 309.16849855902905, 94.80626371698565, 6.486058015686893, 53.55011280795387, 68.86773114572155, 23.24643597386767, 44.85351051783914, 74.68579519400366, 58.778811266028875, 64.03412032488008, 1.4705970583030705, 58.405841516680354, 5.3134328935854, 339.64462421177217, 69.5385252284767, 238.52361283366056, 333.69588763786453, 72.49970836441514, 232.35008746213666, 65.6421161026688, 8.03571909236149, 292.97859535394446, 12.013277375859829, 183.04303827960968, 47.51782824362357, 63.5472541841692, 275.38436147644353]
(109907.4317141754,)
[164.8219911741208, 309.16849855902905, 94.80626371698565, 6.486058015686893, 53.55011280795387, 68.86773114572155, 23.24643597386767, 44.85351051783914, 74.68579519400366, 58.778811266028875, 64.03412032488008, 1.4705970583030705, 58.405841516680354, 5.3134328935854, 339.64462421177217, 69.5385252284767, 238.52361283366056, 333.69588763786453, 72.49970836441514, 232.35008746213666, 65.6421161026688, 8.03571909236149, 292.97859535394446, 12.013277375859829, 183.04303827960968, 47.51782824362357, 63.5472541841692, 275.38436147644353]
(109907.4317141754,)
[164.8219911741208, 309.16849855902905, 94.80626371698565, 6.486058015686893, 53.55011280795387, 68.86773114572155, 23.24643597386767, 44.85351051783914, 74.68579519400366, 58.778811266028875, 64.03412032488008, 1.4705970583030705, 58.405841516680354, 5.3134328935854, 339.64462421177217, 69.5385252284767, 238.52361283366056, 333.69588763786453, 72.49970836441514, 232.35008746213666, 65.6421161026688, 8.03571909236149, 292.97859535394446, 12.013277375859829, 183.04303827960968, 47.51782824362357, 63.5472541841692, 275.38436147644353]
(109907.4317141754,)
[164.8219911741208, 309.16849855902905, 94.80626371698565, 6.486058015686893, 53.55011280795387, 68.86773114572155, 23.24643597386767, 44.85351051783914, 74.68579519400366, 58.778811266028875, 64.03412032488008, 1.4705970583030705, 58.405841516680354, 5.3134328935854, 339.64462421177217, 69.5385252284767, 238.52361283366056, 333.69588763786453, 72.49970836441514, 232.35008746213666, 65.6421161026688, 8.03571909236149, 292.97859535394446, 12.013277375859829, 183.04303827960968, 47.51782824362357, 63.5472541841692, 275.38436147644353]
(109907.4317141754,)
[164.8219911741208, 309.16849855902905, 94.80626371698565, 6.486058015686893, 53.55011280795387, 68.86773114572155, 23.24643597386767, 44.85351051783914, 74.68579519400366, 58.778811266028875, 64.03412032488008, 1.4705970583030705, 58.405841516680354, 5.3134328935854, 339.64462421177217, 69.5385252284767, 238.52361283366056, 333.69588763786453, 72.49970836441514, 232.35008746213666, 65.6421161026688, 8.03571909236149, 292.97859535394446, 12.013277375859829, 183.04303827960968, 47.51782824362357, 63.5472541841692, 275.38436147644353]
(109907.4317141754,)
[164.8219911741208, 309.16849855902905, 94.80626371698565, 6.486058015686893, 53.55011280795387, 68.86773114572155, 23.24643597386767, 44.85351051783914, 74.68579519400366, 58.778811266028875, 64.03412032488008, 1.4705970583030705, 58.405841516680354, 5.3134328935854, 339.64462421177217, 69.5385252284767, 238.52361283366056, 333.69588763786453, 72.49970836441514, 232.35008746213666, 65.6421161026688, 8.03571909236149, 292.97859535394446, 12.013277375859829, 183.04303827960968, 47.51782824362357, 63.5472541841692, 275.38436147644353]
(109907.4317141754,)
[164.8219911741208, 309.16849855902905, 94.80626371698565, 6.486058015686893, 53.55011280795387, 68.86773114572155, 23.24643597386767, 44.85351051783914, 74.68579519400366, 58.778811266028875, 64.03412032488008, 1.4705970583030705, 58.405841516680354, 5.3134328935854, 339.64462421177217, 69.5385252284767, 238.52361283366056, 333.69588763786453, 72.49970836441514, 232.35008746213666, 65.6421161026688, 8.03571909236149, 292.97859535394446, 12.013277375859829, 183.04303827960968, 47.51782824362357, 63.5472541841692, 275.38436147644353]
(109907.4317141754,)
[164.8219911741208, 309.16849855902905, 94.80626371698565, 6.486058015686893, 53.55011280795387, 68.86773114572155, 23.24643597386767, 44.85351051783914, 74.68579519400366, 58.778811266028875, 64.03412032488008, 1.4705970583030705, 58.405841516680354, 5.3134328935854, 339.64462421177217, 69.5385252284767, 238.52361283366056, 333.69588763786453, 72.49970836441514, 232.35008746213666, 65.6421161026688, 8.03571909236149, 292.97859535394446, 12.013277375859829, 183.04303827960968, 47.51782824362357, 63.5472541841692, 275.38436147644353]
(109907.4317141754,)
[164.8219911741208, 309.16849855902905, 94.80626371698565, 6.486058015686893, 53.55011280795387, 68.86773114572155, 23.24643597386767, 44.85351051783914, 74.68579519400366, 58.778811266028875, 64.03412032488008, 1.4705970583030705, 58.405841516680354, 5.3134328935854, 339.64462421177217, 69.5385252284767, 238.52361283366056, 333.69588763786453, 72.49970836441514, 232.35008746213666, 65.6421161026688, 8.03571909236149, 292.97859535394446, 12.013277375859829, 183.04303827960968, 47.51782824362357, 63.5472541841692, 275.38436147644353]
(109907.4317141754,)
[164.8219911741208, 309.16849855902905, 94.80626371698565, 6.486058015686893, 53.55011280795387, 68.86773114572155, 23.24643597386767, 44.85351051783914, 74.68579519400366, 58.778811266028875, 64.03412032488008, 1.4705970583030705, 58.405841516680354, 5.3134328935854, 339.64462421177217, 69.5385252284767, 238.52361283366056, 333.69588763786453, 72.49970836441514, 232.35008746213666, 65.6421161026688, 8.03571909236149, 292.97859535394446, 12.013277375859829, 183.04303827960968, 47.51782824362357, 63.5472541841692, 275.38436147644353]
(109907.4317141754,)
[164.8219911741208, 309.16849855902905, 94.80626371698565, 6.486058015686893, 53.55011280795387, 68.86773114572155, 23.24643597386767, 44.85351051783914, 74.68579519400366, 58.778811266028875, 64.03412032488008, 1.4705970583030705, 58.405841516680354, 5.3134328935854, 339.64462421177217, 69.5385252284767, 238.52361283366056, 333.69588763786453, 72.49970836441514, 232.35008746213666, 65.6421161026688, 8.03571909236149, 292.97859535394446, 12.013277375859829, 183.04303827960968, 47.51782824362357, 63.5472541841692, 275.38436147644353]
(109907.4317141754,)
