112178.53909470391
111210.71503019668
111210.71503019668
111190.66087075854
111190.66087075854
111190.66087075854
111190.66087075854
111190.66087075854
111190.66087075854
111126.62974645977
111126.62974645977
111126.62974645977
111126.62974645977
111126.62974645977
111124.78446570979
111124.78446570979
111119.0285885405
111119.0285885405
111119.0285885405
111119.0285885405
110358.0168315694
110358.0168315694
110358.0168315694
110358.0168315694
110358.0168315694
110358.0168315694
110358.0168315694
110358.0168315694
110358.0168315694
110358.0168315694
110358.0168315694
110358.0168315694
110358.0168315694
110358.0168315694
110358.0168315694
110358.0168315694
110358.0168315694
110358.0168315694
110358.0168315694
110358.0168315694
110358.0168315694
110358.0168315694
109907.4317141754
109907.4317141754
109907.4317141754
109907.4317141754
109907.4317141754
109907.4317141754
109907.4317141754
109907.4317141754
109907.4317141754
109907.4317141754
109907.4317141754
109907.4317141754
109907.4317141754
109907.4317141754
109907.4317141754
109907.4317141754
109907.4317141754
109907.4317141754
109907.4317141754
109907.4317141754
109907.4317141754
109907.4317141754
109907.4317141754
109907.4317141754
109907.4317141754
109907.4317141754
109907.4317141754
109907.4317141754
109907.4317141754
109907.4317141754
109907.4317141754
109907.4317141754
109907.4317141754
109907.4317141754
109907.4317141754
109907.4317141754
109907.4317141754
109907.4317141754
109907.4317141754
109907.4317141754
109907.4317141754
109907.4317141754
109907.4317141754
109907.4317141754
109907.4317141754
109907.4317141754
109907.4317141754
109907.4317141754
109907.4317141754
109907.4317141754
109907.4317141754
109907.4317141754
109907.4317141754
109907.4317141754
109907.4317141754
109907.4317141754
109907.4317141754
