path_0  0 40 521 393 77 344 162 55 571 234 42 192 70 171 312 96 137 335 284 101 483 182 266 612
path_1  0 40 521 393 77 344 162 55 571 234 42 192 70 171 312 96 137 335 284 101 483 182 266 593 612
path_2  0 40 521 393 77 344 162 55 571 234 42 192 70 171 312 36 306 461 27 193 581 33 89 11 194 288 99 122 584 113 53 3 612
path_3  0 40 521 393 77 344 162 55 571 234 42 192 70 171 312 96 137 335 284 101 483 182 266 593 16 319 276 612
path_4  0 40 521 393 77 344 162 55 571 234 42 192 70 171 312 36 306 461 27 193 581 33 89 11 194 288 99 122 584 245 225 181 405 195 612
path_5  0 40 521 393 77 344 162 55 571 234 42 192 70 171 312 36 306 461 27 193 581 33 89 11 194 288 99 122 584 245 225 181 405 195 14 612
path_6  0 40 521 393 77 344 162 55 571 234 42 192 70 171 312 36 306 461 27 193 581 33 89 11 194 288 99 122 584 245 225 181 405 195 14 39 261 612
path_7  0 40 521 393 77 344 162 55 571 234 42 192 70 171 312 36 306 461 27 193 581 33 89 11 194 288 99 122 584 245 225 181 405 195 14 39 83 612
path_8  0 40 521 393 77 344 162 55 571 234 42 192 70 171 312 96 137 335 284 101 483 182 266 593 16 319 276 116 277 612
path_9  0 40 521 393 77 344 162 55 571 234 42 192 70 171 312 36 306 461 27 193 581 33 89 11 194 288 99 122 584 245 225 181 405 195 14 39 83 230 612
path_10  0 40 521 393 77 344 162 55 571 234 42 192 70 171 312 96 137 335 284 101 483 182 266 593 16 319 276 116 323 612
path_11  0 40 521 393 77 344 162 55 571 234 42 192 70 171 312 96 137 335 284 101 483 182 266 593 16 319 304 612
path_12  0 40 521 393 77 344 162 55 571 234 42 192 70 171 312 36 306 461 27 193 581 33 89 11 194 288 99 122 584 245 225 181 405 195 14 39 83 230 204 612
path_13  0 40 521 393 77 344 162 55 571 234 42 192 70 171 312 96 137 335 284 101 483 182 266 593 16 319 304 444 612
path_14  0 40 521 393 77 344 162 55 571 234 42 192 70 171 312 36 306 461 27 193 581 33 89 11 194 288 99 122 584 113 53 3 485 612
path_15  0 40 521 393 77 344 162 55 571 234 42 192 70 171 312 36 306 461 27 193 581 33 89 11 194 288 99 122 584 245 225 181 405 195 14 39 83 230 204 494 612
path_16  0 40 521 393 77 344 162 55 571 234 42 192 70 171 312 96 137 335 284 101 483 182 266 593 16 319 276 116 277 425 612
path_17  0 40 521 393 77 344 162 55 571 234 42 192 70 171 312 96 137 335 284 101 483 182 266 593 16 319 276 116 277 397 612
path_18  0 40 521 393 77 344 162 55 571 234 42 192 70 171 312 96 137 335 284 101 483 182 266 593 16 319 276 116 323 240 612
path_19  0 40 521 393 77 344 162 55 571 234 42 192 70 171 312 96 137 335 284 101 483 182 266 593 16 319 276 116 277 397 12 612
path_20  0 40 521 393 77 344 162 55 571 234 42 192 70 171 312 96 137 335 284 101 483 182 266 593 16 319 304 444 518 612
path_21  0 40 521 393 77 344 162 55 571 234 42 192 70 171 312 36 306 461 27 193 581 33 89 11 194 288 99 122 584 113 53 3 485 67 612
path_22  0 40 521 393 77 344 162 55 571 234 42 192 70 171 312 36 306 461 27 193 581 33 89 11 194 288 99 122 584 245 225 181 405 195 14 39 83 230 204 494 105 612
path_23  0 40 521 393 77 344 162 55 571 234 42 192 70 171 312 96 137 335 284 101 483 182 266 593 16 319 276 116 277 425 436 612
path_24  0 40 521 393 77 344 162 55 571 234 42 192 70 171 312 36 306 461 27 193 581 33 89 11 194 288 99 122 584 245 225 181 405 195 14 39 261 18 612
path_25  0 40 521 393 77 344 162 55 571 234 42 192 70 171 312 96 137 335 284 101 483 182 266 593 16 319 304 444 518 530 612
path_26  0 40 521 393 77 344 162 55 571 234 42 192 70 171 312 96 137 335 284 101 483 182 266 593 16 319 304 444 518 370 612
path_27  0 40 521 393 77 344 162 55 571 234 42 192 70 171 312 36 306 461 27 193 581 33 89 11 194 288 99 122 584 245 225 181 405 195 14 39 83 230 204 494 105 508 115 612
path_28  0 40 521 393 77 344 162 55 571 234 42 192 70 171 312 96 137 335 284 101 483 182 266 593 16 319 276 116 277 425 436 46 612
path_29  0 40 521 393 77 344 162 55 571 234 42 192 70 171 312 36 306 461 27 193 581 33 89 11 194 288 99 122 584 245 225 181 405 195 14 39 83 230 204 494 105 464 612
path_30  0 40 521 393 77 344 162 55 571 234 42 192 70 171 312 96 137 335 284 101 483 182 266 593 16 319 276 116 277 425 436 46 501 612
path_31  0 40 521 393 77 344 162 55 571 234 42 192 70 171 312 36 306 461 27 193 581 33 89 11 194 288 99 122 584 245 225 181 405 195 14 39 83 230 204 494 105 508 115 604 612
path_32  0 40 521 393 77 344 162 55 571 234 42 192 70 171 312 96 137 335 284 101 483 182 266 593 16 319 276 116 323 240 421 612
path_33  0 40 521 393 77 344 162 55 571 234 42 192 70 171 312 36 306 461 27 193 581 33 89 11 194 288 99 122 584 113 53 3 485 67 594 612
path_34  0 40 521 393 77 344 162 55 571 234 42 192 70 171 312 96 137 335 284 101 483 182 266 593 16 319 276 116 277 397 12 381 612
path_35  0 40 521 393 77 344 162 55 571 234 42 192 70 171 312 36 306 461 27 193 581 33 89 11 194 288 99 122 584 245 225 181 405 195 14 39 83 230 204 494 105 508 115 604 422 612
path_36  0 40 521 393 77 344 162 55 571 234 42 192 70 171 312 96 137 335 284 101 483 182 266 593 16 319 276 116 277 397 12 381 402 612
path_37  0 40 521 393 77 344 162 55 571 234 42 192 70 171 312 36 306 461 27 193 581 33 89 11 194 288 99 122 584 113 262 406 341 373 612
path_38  0 40 521 393 77 344 162 55 571 234 42 192 70 171 312 96 137 335 284 101 483 182 266 593 16 319 276 116 277 425 436 46 501 302 612
path_39  0 40 521 393 77 344 162 55 571 234 42 192 70 171 312 36 306 461 27 193 581 33 89 11 194 288 99 122 584 113 53 3 485 67 400 566 612
path_40  0 40 521 393 77 344 162 55 571 234 42 192 70 171 312 36 306 461 27 193 581 33 89 11 194 288 99 118 531 598 315 561 403 172 457 513 273 388 612
path_41  0 40 521 393 77 344 162 55 571 234 42 192 70 171 312 36 306 461 27 193 581 33 89 11 194 288 99 122 584 113 53 3 485 67 400 141 612
path_42  0 40 521 393 77 344 162 55 571 234 42 192 70 171 312 36 306 461 27 193 581 33 89 11 194 288 99 122 584 113 53 3 485 67 400 566 59 612
path_43  0 40 521 393 77 344 162 55 571 234 42 192 70 171 312 36 306 461 27 193 581 33 89 11 194 288 99 118 531 598 315 561 403 172 457 513 273 388 555 612
path_44  0 40 521 393 77 344 162 55 571 234 42 192 70 171 312 96 137 335 284 101 483 182 266 593 16 319 276 116 277 397 12 381 368 612
path_45  0 40 521 393 77 344 162 55 571 234 42 192 70 171 312 96 137 335 284 101 483 182 266 593 16 319 276 116 277 425 436 46 410 612
path_46  0 40 521 393 77 344 162 55 571 234 42 192 70 171 312 96 137 335 284 101 483 182 266 593 16 319 276 116 323 240 421 364 612
path_47  0 40 521 393 77 344 162 55 571 234 42 192 70 171 312 96 137 335 284 101 483 182 266 593 16 319 276 116 277 425 436 46 501 302 497 612
path_48  0 40 521 393 77 344 162 55 571 234 42 192 70 171 312 36 306 461 27 193 581 33 89 11 194 288 99 122 584 113 262 406 341 373 528 612
path_49  0 40 521 393 77 344 162 55 571 234 42 192 70 171 312 36 306 461 27 193 581 33 89 11 194 288 99 122 584 245 225 181 405 195 14 39 83 156 612
path_50  0 40 521 393 77 344 162 55 571 234 42 192 70 171 312 96 137 335 284 101 483 182 266 593 16 319 276 116 277 425 436 46 501 302 497 560 612
path_51  0 40 521 393 77 344 162 55 571 234 42 192 70 171 312 36 306 461 27 193 581 33 89 11 194 288 99 122 584 245 225 181 405 195 14 39 261 18 254 612
path_52  0 40 521 393 77 344 162 55 571 234 42 192 70 171 312 36 306 461 27 193 581 33 89 11 194 288 99 122 584 245 225 181 405 195 14 39 83 230 204 494 437 612
path_53  0 40 521 393 77 344 162 55 571 234 42 192 70 171 312 36 306 461 27 193 581 33 89 11 194 288 99 122 584 245 225 181 405 195 14 39 261 18 254 305 612
path_54  0 40 521 393 77 344 162 55 571 234 42 192 70 171 312 36 306 461 27 193 581 33 89 11 194 288 99 122 584 245 225 181 405 195 14 39 83 230 204 494 105 464 517 612
