path_0  0 40 521 578 503 92 69 294 136 80 28 237 75 218 349 581 193 33 89 27 278 142 338 250 206 198 476 538 284 101 483 182 266 612
path_1  0 40 521 578 503 92 69 294 136 80 28 237 75 218 349 581 193 33 89 27 278 142 338 250 206 198 476 538 284 101 483 182 266 593 612
path_2  0 40 521 578 503 92 69 294 136 80 28 237 75 218 349 581 193 33 89 27 278 142 338 250 369 11 194 450 113 53 3 612
path_3  0 40 521 578 503 92 69 294 136 80 28 237 75 218 349 581 193 33 89 27 278 142 338 250 369 11 194 450 113 53 3 485 612
path_4  0 40 521 578 503 92 69 294 136 80 28 237 75 218 349 581 193 33 89 27 278 142 338 250 369 11 194 450 113 53 3 485 248 612
path_5  0 40 521 578 503 92 69 294 136 80 28 237 75 218 349 581 193 33 89 27 278 142 338 250 369 11 194 450 113 262 286 67 612
path_6  0 40 521 578 503 92 69 294 136 80 28 237 75 218 349 581 193 33 89 27 278 142 338 250 206 198 476 538 284 101 483 182 266 593 16 319 276 612
path_7  0 40 521 578 503 92 69 294 136 80 28 237 75 218 349 581 193 33 89 27 278 142 338 250 369 11 194 450 113 262 406 341 14 39 261 612
path_8  0 40 521 578 503 92 69 294 136 80 28 237 75 218 349 581 193 33 89 27 278 142 338 250 369 11 194 450 113 262 406 341 83 612
path_9  0 40 521 578 503 92 69 294 136 80 28 237 75 218 349 581 193 33 89 27 278 142 338 250 206 198 476 556 424 520 59 566 612
path_10  0 40 521 578 503 92 69 294 136 80 28 237 75 218 349 581 193 33 89 27 278 142 338 250 206 198 476 538 284 101 483 182 266 593 16 319 304 612
path_11  0 40 521 578 503 92 69 294 136 80 28 237 75 218 349 581 193 33 89 27 278 142 338 250 206 198 476 556 424 520 59 566 141 612
path_12  0 40 521 578 503 92 69 294 136 80 28 237 75 218 349 581 193 33 89 27 278 142 338 250 206 198 476 556 424 520 59 566 141 555 612
path_13  0 40 521 578 503 92 69 294 136 80 28 237 75 218 349 581 193 33 89 27 278 142 338 250 369 11 194 450 113 53 3 485 248 594 612
path_14  0 40 521 578 503 92 69 294 136 80 28 237 75 218 349 581 193 33 89 27 278 142 338 250 369 11 194 450 113 262 406 341 83 230 612
path_15  0 40 521 578 503 92 69 294 136 80 28 237 75 218 349 581 193 33 89 27 278 142 338 250 206 198 476 538 284 101 483 182 266 593 16 319 304 323 612
path_16  0 40 521 578 503 92 69 294 136 80 28 237 75 218 349 581 193 33 89 27 278 142 338 250 369 11 194 450 113 262 406 341 14 39 261 18 612
path_17  0 40 521 578 503 92 69 294 136 80 28 237 75 218 349 581 193 33 89 27 278 142 338 250 206 198 476 556 424 520 59 566 141 388 612
path_18  0 40 521 578 503 92 69 294 136 80 28 237 75 218 349 581 193 33 89 27 278 142 338 250 369 11 194 450 113 53 3 485 248 594 277 612
path_19  0 40 521 578 503 92 69 294 136 80 28 237 75 218 349 581 193 33 89 27 278 142 338 250 369 11 194 450 113 262 406 341 83 195 612
path_20  0 40 521 578 503 92 69 294 136 80 28 237 75 218 349 581 193 33 89 27 278 142 338 250 369 11 194 450 113 262 406 341 83 230 204 612
path_21  0 40 521 578 503 92 69 294 136 80 28 237 75 218 349 581 193 33 89 27 278 142 338 250 206 198 476 556 424 520 59 566 214 12 612
path_22  0 40 521 578 503 92 69 294 136 80 28 237 75 218 349 581 193 33 89 27 278 142 338 250 369 11 194 450 113 262 406 341 14 39 261 18 254 612
path_23  0 40 521 578 503 92 69 294 136 80 28 237 75 218 349 581 193 33 89 27 278 142 338 250 206 198 476 538 284 101 483 182 266 593 16 319 276 116 518 612
path_24  0 40 521 578 503 92 69 294 136 80 28 237 75 218 349 581 193 33 89 27 278 142 338 250 206 198 476 556 424 520 59 400 583 612
path_25  0 40 521 578 503 92 69 294 136 80 28 237 75 218 349 581 193 33 89 27 278 142 338 250 369 11 194 450 113 262 406 341 83 230 204 494 612
path_26  0 40 521 578 503 92 69 294 136 80 28 237 75 218 349 581 193 33 89 27 278 142 338 250 369 11 194 450 113 262 406 341 83 230 204 494 105 612
path_27  0 40 521 578 503 92 69 294 136 80 28 237 75 218 349 581 193 33 89 27 278 142 338 250 369 11 194 450 113 262 406 341 83 230 204 156 612
path_28  0 40 521 578 503 92 69 294 136 80 28 237 75 218 349 581 193 33 89 27 278 142 338 250 206 198 476 538 284 101 483 182 266 593 16 319 276 116 421 612
path_29  0 40 521 578 503 92 69 294 136 80 28 237 75 218 349 581 193 33 89 27 278 142 338 250 206 198 476 538 284 101 483 182 266 593 16 319 276 116 518 530 612
path_30  0 40 521 578 503 92 69 294 136 80 28 237 75 218 349 581 193 33 89 27 278 142 338 250 206 198 476 538 284 101 483 182 266 593 16 319 276 116 421 364 612
path_31  0 40 521 578 503 92 69 294 136 80 28 237 75 218 349 581 193 33 89 27 278 142 338 250 206 198 476 538 284 101 483 182 266 593 16 319 276 116 421 364 501 612
path_32  0 40 521 578 503 92 69 294 136 80 28 237 75 218 349 581 193 33 89 27 278 142 338 250 206 198 476 556 424 520 59 566 214 12 436 612
path_33  0 40 521 578 503 92 69 294 136 80 28 237 75 218 349 581 193 33 89 27 278 142 338 250 369 11 194 450 113 262 406 341 83 230 204 494 105 508 115 612
path_34  0 40 521 578 503 92 69 294 136 80 28 237 75 218 349 581 193 33 89 27 278 142 338 250 369 11 194 450 113 262 286 67 397 612
path_35  0 40 521 578 503 92 69 294 136 80 28 237 75 218 349 581 193 33 89 27 278 142 338 250 369 11 194 450 113 262 406 341 83 230 204 494 105 508 115 570 422 612
path_36  0 40 521 578 503 92 69 294 136 80 28 237 75 218 349 581 193 33 89 27 278 142 338 250 369 11 194 450 113 262 406 341 14 39 261 18 254 560 612
path_37  0 40 521 578 503 92 69 294 136 80 28 237 75 218 349 581 193 33 89 27 278 142 338 250 206 198 476 538 284 101 483 182 266 593 16 319 276 116 518 370 612
path_38  0 40 521 578 503 92 69 294 136 80 28 237 75 218 349 581 193 33 89 27 278 142 338 250 369 11 194 450 113 262 286 67 397 381 612
path_39  0 40 521 578 503 92 69 294 136 80 28 237 75 218 349 581 193 33 89 27 278 142 338 250 369 11 194 450 113 262 406 341 14 39 261 18 46 612
path_40  0 40 521 578 503 92 69 294 136 80 28 237 75 218 349 581 193 33 89 27 278 142 338 250 369 11 194 450 113 262 406 341 83 230 204 156 528 612
path_41  0 40 521 578 503 92 69 294 136 80 28 237 75 218 349 581 193 33 89 27 278 142 338 250 369 11 194 450 113 262 406 341 14 39 261 18 46 410 612
path_42  0 40 521 578 503 92 69 294 136 80 28 237 75 218 349 581 193 33 89 27 278 142 338 250 206 198 476 538 284 101 483 182 266 593 16 319 276 116 421 302 612
path_43  0 40 521 578 503 92 69 294 136 80 28 237 75 218 349 581 193 33 89 27 278 142 338 250 206 198 476 538 284 101 483 182 266 593 16 319 276 116 421 302 368 612
path_44  0 40 521 578 503 92 69 294 136 80 28 237 75 218 349 581 193 33 89 27 278 142 338 250 206 198 476 538 284 101 483 182 266 593 16 319 276 116 421 302 368 373 612
path_45  0 40 521 578 503 92 69 294 136 80 28 237 75 218 349 581 193 33 89 27 278 142 338 250 369 11 194 450 113 262 406 341 14 39 261 18 254 497 612
path_46  0 40 521 578 503 92 69 294 136 80 28 237 75 218 349 581 193 33 89 27 278 142 338 250 369 11 194 450 113 262 406 341 83 230 204 494 105 508 115 604 612
path_47  0 40 521 578 503 92 69 294 136 80 28 237 75 218 349 581 193 33 89 27 278 142 338 250 369 11 194 450 113 262 406 341 14 39 261 18 254 497 305 612
path_48  0 40 521 578 503 92 69 294 136 80 28 237 75 218 349 581 193 33 89 27 278 142 338 250 369 11 194 450 113 262 406 341 83 230 204 494 437 612
path_49  0 40 521 578 503 92 69 294 136 80 28 237 75 218 349 581 193 33 89 27 278 142 338 250 369 11 194 450 113 262 406 341 83 230 204 494 105 464 612
path_50  0 40 521 578 503 92 69 294 136 80 28 237 75 218 349 581 193 33 89 27 278 142 338 250 369 11 194 450 113 262 406 341 83 230 204 494 105 464 517 612
