path_0  0 40 521 393 77 344 162 55 571 234 42 192 70 171 312 96 137 335 284 101 483 182 266 612
path_1  0 40 521 393 77 344 162 55 571 234 42 192 70 171 312 96 137 335 284 101 483 182 266 593 612
path_2  0 40 521 393 77 344 162 55 571 234 42 192 70 171 312 96 137 335 284 101 483 182 266 593 16 319 276 612
path_3  0 40 521 393 77 344 162 55 571 234 42 192 70 171 312 96 137 335 284 101 483 182 266 593 16 319 276 116 323 612
path_4  0 40 521 393 77 344 162 55 571 234 42 192 70 171 312 96 137 335 284 101 483 182 266 593 16 319 276 116 277 612
path_5  0 40 521 393 77 344 162 55 571 234 42 192 70 171 312 96 137 335 284 101 483 182 266 593 16 319 276 116 323 240 612
path_6  0 40 521 393 77 344 162 55 571 234 42 192 70 171 312 96 137 335 284 101 483 182 266 593 16 319 276 116 323 240 421 612
path_7  0 40 521 393 77 344 162 55 571 234 42 192 70 171 312 96 137 335 284 101 483 182 266 593 16 319 304 612
path_8  0 40 521 393 77 344 162 55 571 234 42 192 70 171 312 96 137 335 284 101 483 182 266 593 16 319 276 116 323 240 444 612
path_9  0 40 521 393 77 344 162 55 571 234 42 192 70 171 312 96 137 335 284 101 483 182 266 593 16 319 276 116 323 240 444 518 612
path_10  0 40 521 393 77 344 162 55 571 234 42 192 70 171 312 36 306 461 27 193 581 33 89 11 194 288 23 430 251 44 458 601 225 181 405 195 612
path_11  0 40 521 393 77 344 162 55 571 234 42 192 70 171 312 96 137 335 284 101 483 182 266 593 16 319 276 116 323 240 421 18 612
path_12  0 40 521 393 77 344 162 55 571 234 42 192 70 171 312 96 137 335 284 101 483 182 266 593 16 319 276 116 323 240 444 518 530 612
path_13  0 40 521 393 77 344 162 55 571 234 42 192 70 171 312 96 137 335 284 101 483 182 266 593 16 319 276 116 323 240 421 18 46 612
path_14  0 40 521 393 77 344 162 55 571 234 42 192 70 171 312 96 137 335 284 101 483 182 266 593 16 319 276 116 323 240 444 518 370 612
path_15  0 40 521 393 77 344 162 55 571 234 42 192 70 171 312 96 137 335 284 101 483 182 266 593 16 319 276 116 323 240 421 18 254 612
path_16  0 40 521 393 77 344 162 55 571 234 42 192 70 171 312 96 137 335 284 101 483 182 266 593 16 319 276 116 323 240 444 518 370 381 612
path_17  0 40 521 393 77 344 162 55 571 234 42 192 70 171 312 36 306 461 27 193 581 33 89 11 194 288 23 430 251 44 458 601 225 181 405 195 14 612
path_18  0 40 521 393 77 344 162 55 571 234 42 192 70 171 312 96 137 335 284 101 483 182 266 593 16 319 276 116 323 240 444 518 370 381 12 612
path_19  0 40 521 393 77 344 162 55 571 234 42 192 70 171 312 36 306 461 27 193 581 33 89 11 194 288 23 430 251 44 458 601 225 181 405 589 39 261 612
path_20  0 40 521 393 77 344 162 55 571 234 42 192 70 171 312 96 137 335 284 101 483 182 266 593 16 319 276 116 323 240 444 518 370 436 612
path_21  0 40 521 393 77 344 162 55 571 234 42 192 70 171 312 96 137 335 284 101 483 182 266 593 16 319 276 116 277 425 612
path_22  0 40 521 393 77 344 162 55 571 234 42 192 70 171 312 96 137 335 284 101 483 182 266 593 16 319 276 116 323 240 421 364 612
path_23  0 40 521 393 77 344 162 55 571 234 42 192 70 171 312 96 137 335 284 101 483 182 266 593 16 319 276 116 323 240 421 18 254 560 612
path_24  0 40 521 393 77 344 162 55 571 234 42 192 70 171 312 96 137 335 284 101 483 182 266 593 16 319 276 116 323 240 421 364 501 612
path_25  0 40 521 393 77 344 162 55 571 234 42 192 70 171 312 36 306 461 27 193 581 33 89 11 194 288 23 430 251 44 458 601 225 181 405 589 39 83 612
path_26  0 40 521 393 77 344 162 55 571 234 42 192 70 171 312 36 306 461 27 193 581 33 89 11 194 288 23 430 251 44 458 601 225 181 405 589 39 83 230 612
path_27  0 40 521 393 77 344 162 55 571 234 42 192 70 171 312 96 137 335 284 101 483 182 266 593 16 319 276 116 323 240 421 18 46 302 612
path_28  0 40 521 393 77 344 162 55 571 234 42 192 70 171 312 96 137 335 284 101 483 481 141 555 612
path_29  0 40 521 393 77 344 162 55 571 234 42 192 70 171 312 96 137 335 284 101 483 182 266 593 16 319 276 116 323 240 421 18 254 497 612
path_30  0 40 521 393 77 344 162 55 571 234 42 192 70 171 312 96 137 335 284 101 483 481 141 59 612
path_31  0 40 521 393 77 344 162 55 571 234 42 192 70 171 312 96 137 335 284 101 483 182 266 593 16 319 276 116 277 425 67 612
path_32  0 40 521 393 77 344 162 55 571 234 42 192 70 171 312 96 137 335 284 101 483 182 266 593 16 319 276 116 277 397 612
path_33  0 40 521 393 77 344 162 55 571 234 42 192 70 171 312 96 137 335 284 101 483 481 141 59 400 612
path_34  0 40 521 393 77 344 162 55 571 234 42 192 70 171 312 36 306 461 27 193 581 33 89 11 194 288 23 430 251 44 458 601 225 181 405 195 3 485 612
path_35  0 40 521 393 77 344 162 55 571 234 42 192 70 171 312 96 137 335 284 101 483 481 141 555 388 612
path_36  0 40 521 393 77 344 162 55 571 234 42 192 70 171 312 36 306 461 27 193 581 33 89 11 194 288 23 430 251 44 458 601 225 181 405 589 39 83 156 612
path_37  0 40 521 393 77 344 162 55 571 234 42 192 70 171 312 96 137 335 284 101 483 182 266 593 16 319 276 116 323 240 421 18 46 302 410 612
path_38  0 40 521 393 77 344 162 55 571 234 42 192 70 171 312 96 137 335 284 101 483 481 141 555 388 273 612
path_39  0 40 521 393 77 344 162 55 571 234 42 192 70 171 312 36 306 461 27 193 581 33 89 11 194 288 23 430 251 44 458 601 225 181 405 589 39 83 156 494 612
path_40  0 40 521 393 77 344 162 55 571 234 42 192 70 171 312 96 137 335 284 101 483 481 141 59 566 612
path_41  0 40 521 393 77 344 162 55 571 234 42 192 70 171 312 36 306 461 27 193 581 33 89 11 194 288 23 430 251 44 458 601 225 181 405 589 39 83 156 528 612
path_42  0 40 521 393 77 344 162 55 571 234 42 192 70 171 312 36 306 461 27 193 581 33 89 11 194 288 23 430 251 44 458 601 225 113 53 286 612
path_43  0 40 521 393 77 344 162 55 571 234 42 192 70 171 312 96 137 335 284 101 483 182 266 593 16 319 276 116 277 425 67 594 612
path_44  0 40 521 393 77 344 162 55 571 234 42 192 70 171 312 36 306 461 27 193 581 33 89 11 194 288 23 430 251 44 458 601 225 181 405 589 39 83 156 528 508 612
path_45  0 40 521 393 77 344 162 55 571 234 42 192 70 171 312 96 137 335 284 101 483 182 266 593 16 319 276 116 323 240 421 18 46 302 410 368 612
path_46  0 40 521 393 77 344 162 55 571 234 42 192 70 171 312 36 306 461 27 193 581 33 89 11 194 288 23 430 251 44 458 601 225 181 405 589 39 83 230 204 612
path_47  0 40 521 393 77 344 162 55 571 234 42 192 70 171 312 96 137 335 284 101 483 182 266 593 16 319 276 116 323 240 421 18 254 497 305 612
path_48  0 40 521 393 77 344 162 55 571 234 42 192 70 171 312 36 306 461 27 193 581 33 89 11 194 288 23 430 251 44 458 601 225 181 161 287 135 43 360 435 574 280 129 299 477 587 295 612
path_49  0 40 521 393 77 344 162 55 571 234 42 192 70 171 312 36 306 461 27 193 581 33 89 11 194 288 23 430 251 44 458 601 225 181 161 287 135 43 360 435 574 280 129 299 477 587 295 350 115 422 612
path_50  0 40 521 393 77 344 162 55 571 234 42 192 70 171 312 36 306 461 27 193 581 33 89 11 194 288 23 430 251 44 458 601 225 181 405 589 39 83 156 494 437 612
path_51  0 40 521 393 77 344 162 55 571 234 42 192 70 171 312 36 306 461 27 193 581 33 89 11 194 288 23 430 251 44 458 601 225 181 161 287 135 43 360 435 574 280 129 299 477 587 295 350 115 422 570 612
path_52  0 40 521 393 77 344 162 55 571 234 42 192 70 171 312 36 306 461 27 193 581 33 89 11 194 288 23 430 251 44 458 601 225 181 161 287 135 43 360 435 574 280 129 299 477 587 295 350 115 604 612
path_53  0 40 521 393 77 344 162 55 571 234 42 192 70 171 312 36 306 461 27 193 581 33 89 11 194 288 23 430 251 44 458 601 225 181 405 589 39 83 156 528 508 105 612
