path_0  0 40 521 578 503 92 69 294 136 80 91 108 74 15 155 61 33 193 581 27 278 142 338 250 369 11 194 122 450 315 561 403 172 166 566 12 612
path_1  0 40 521 578 503 92 69 294 136 80 91 108 74 15 155 61 33 193 581 27 278 142 338 250 369 11 194 122 450 315 561 403 172 166 566 12 436 612
path_2  0 40 521 578 503 92 69 294 136 80 91 108 74 15 155 61 33 193 581 27 278 142 338 250 369 11 194 122 450 315 561 403 172 166 566 59 612
path_3  0 40 521 578 503 92 69 294 136 80 91 108 74 15 155 61 33 193 581 27 278 142 338 250 369 11 194 122 328 23 430 251 44 469 225 113 53 3 612
path_4  0 40 521 578 503 92 69 294 136 80 91 108 74 15 155 61 33 193 581 27 278 142 338 250 369 11 194 122 328 23 430 251 44 469 225 181 405 195 612
path_5  0 40 521 578 503 92 69 294 136 80 91 108 74 15 155 61 33 193 581 27 278 142 338 250 369 11 194 122 450 315 561 403 172 166 566 12 436 277 612
path_6  0 40 521 578 503 92 69 294 136 80 91 108 74 15 155 61 33 193 581 27 278 142 338 250 369 11 194 122 328 23 430 251 44 469 225 181 405 195 14 612
path_7  0 40 521 578 503 92 69 294 136 80 91 108 74 15 155 61 33 193 581 27 278 142 338 250 369 11 194 122 328 23 430 251 44 469 225 113 262 406 248 612
path_8  0 40 521 578 503 92 69 294 136 80 91 108 74 15 155 61 33 193 581 27 278 142 338 250 369 11 194 122 328 23 430 251 44 469 225 181 405 195 14 39 261 612
path_9  0 40 521 578 503 92 69 294 136 80 91 108 74 15 155 61 33 193 581 27 278 142 338 250 369 11 194 122 450 315 561 403 172 166 566 12 425 612
path_10  0 40 521 578 503 92 69 294 136 80 91 108 74 15 155 61 33 193 581 27 278 142 338 250 369 11 194 122 328 23 430 251 44 469 225 181 405 195 14 39 261 18 612
path_11  0 40 521 578 503 92 69 294 136 80 91 108 74 15 155 61 33 193 581 27 278 142 338 250 369 11 194 122 328 23 430 251 44 469 225 181 405 195 14 39 83 612
path_12  0 40 521 578 503 92 69 294 136 80 91 108 74 15 155 61 33 193 581 27 278 142 338 250 369 11 194 122 450 315 561 403 172 166 566 59 141 612
path_13  0 40 521 578 503 92 69 294 136 80 91 108 74 15 155 61 33 193 581 27 278 142 338 250 369 11 194 122 328 23 430 251 44 469 225 113 53 3 485 612
path_14  0 40 521 578 503 92 69 294 136 80 91 108 74 15 155 61 33 193 581 27 278 142 338 250 369 11 194 122 328 23 430 251 44 469 225 181 405 195 14 39 261 18 254 612
path_15  0 40 521 578 503 92 69 294 136 80 91 108 74 15 155 61 33 193 581 27 278 142 338 250 369 11 194 122 328 23 430 251 44 469 225 181 405 195 14 39 261 18 254 560 612
path_16  0 40 521 578 503 92 69 294 136 80 91 108 74 15 155 61 33 193 581 27 278 142 338 250 369 11 194 122 328 23 430 251 44 469 225 181 405 195 14 39 261 18 254 560 302 612
path_17  0 40 521 578 503 92 69 294 136 80 91 108 74 15 155 61 33 193 581 27 278 142 338 250 369 11 194 122 328 23 430 251 44 469 225 181 405 195 14 39 261 18 254 497 612
path_18  0 40 521 578 503 92 69 294 136 80 91 108 74 15 155 61 33 193 581 27 278 142 338 250 369 11 194 122 328 23 430 251 44 469 225 181 405 195 14 39 261 18 46 612
path_19  0 40 521 578 503 92 69 294 136 80 91 108 74 15 155 61 33 193 581 27 278 142 338 250 369 11 194 122 450 315 561 403 172 166 566 59 400 612
path_20  0 40 521 578 503 92 69 294 136 80 91 108 74 15 155 61 33 193 581 27 278 142 338 250 369 11 194 122 328 23 430 251 44 469 225 181 405 195 14 39 261 18 254 497 305 612
path_21  0 40 521 578 503 92 69 294 136 80 91 108 74 15 155 61 33 193 581 27 278 142 338 250 369 11 194 122 328 23 430 251 44 469 225 113 262 406 248 67 612
path_22  0 40 521 578 503 92 69 294 136 80 91 108 74 15 155 61 33 193 581 27 278 142 338 250 369 11 194 122 450 315 561 403 172 166 566 59 141 555 612
path_23  0 40 521 578 503 92 69 294 136 80 91 108 74 15 155 61 33 193 581 27 278 142 338 250 369 11 194 122 328 23 430 251 44 469 225 181 405 195 14 39 261 18 46 370 612
path_24  0 40 521 578 503 92 69 294 136 80 91 108 74 15 155 61 33 193 581 27 278 142 338 250 369 11 194 122 328 23 430 251 44 469 225 181 405 195 14 39 83 230 612
path_25  0 40 521 578 503 92 69 294 136 80 91 108 74 15 155 61 33 193 581 27 278 142 338 250 369 11 194 122 328 23 430 251 44 469 225 181 405 195 14 39 261 18 46 370 530 612
path_26  0 40 521 578 503 92 69 294 136 80 91 108 74 15 155 61 33 193 581 27 278 142 338 250 369 11 194 122 328 23 430 251 44 469 225 181 405 195 14 39 261 18 254 560 302 501 612
path_27  0 40 521 578 503 92 69 294 136 80 91 108 74 15 155 61 33 193 581 27 278 142 338 250 369 11 194 122 328 23 430 251 44 469 225 181 405 195 14 39 261 18 46 370 530 518 612
path_28  0 40 279 77 57 552 557 600 13 460 378 442 73 255 22 454 209 565 455 490 188 213 264 321 465 473 41 168 8 131 54 582 84 21 174 16 266 612
path_29  0 40 521 578 503 92 69 294 136 80 91 108 74 15 155 61 33 193 581 27 278 142 338 250 369 11 194 122 328 23 430 251 44 469 225 181 405 195 14 39 261 18 254 560 302 501 364 612
path_30  0 40 521 578 503 92 69 294 136 80 91 108 74 15 155 61 33 193 581 27 278 142 338 250 369 11 194 122 450 315 561 403 172 166 566 12 436 277 397 612
path_31  0 40 521 578 503 92 69 294 136 80 91 108 74 15 155 61 33 193 581 27 278 142 338 250 369 11 194 122 328 23 430 251 44 469 225 181 405 195 14 39 261 18 254 560 302 501 364 421 612
path_32  0 40 521 578 503 92 69 294 136 80 91 108 74 15 155 61 33 193 581 27 278 142 338 250 369 11 194 122 328 23 430 251 44 469 225 181 405 195 14 39 83 230 204 612
path_33  0 40 521 578 503 92 69 294 136 80 91 108 74 15 155 61 33 193 581 27 278 142 338 250 369 11 194 122 328 23 430 251 44 469 225 181 405 195 14 39 83 156 612
path_34  0 40 521 578 503 92 69 294 136 80 91 108 74 15 155 61 33 193 581 27 278 142 338 250 369 11 194 122 450 315 561 403 172 166 566 59 141 388 612
path_35  0 40 521 578 503 92 69 294 136 80 91 108 74 15 155 61 33 193 581 27 278 142 338 250 369 11 194 122 450 315 561 403 172 166 566 12 436 277 397 583 612
path_36  0 40 521 578 503 92 69 294 136 80 91 108 74 15 155 61 33 193 581 27 278 142 338 250 369 11 194 122 328 23 430 251 44 469 225 181 405 195 14 39 261 18 46 368 612
path_37  0 40 521 578 503 92 69 294 136 80 91 108 74 15 155 61 33 193 581 27 278 142 338 250 369 11 194 122 328 23 430 251 44 469 225 181 405 195 14 39 261 18 46 370 381 612
path_38  0 40 521 578 503 92 69 294 136 80 91 108 74 15 155 61 33 193 581 27 278 142 338 250 369 11 194 122 328 23 430 251 44 469 225 181 405 195 14 39 261 18 254 560 302 501 364 421 402 612
path_39  0 40 279 77 57 552 557 600 13 460 378 442 73 255 22 454 209 565 455 490 188 213 264 321 465 473 41 168 8 131 54 582 84 21 174 16 266 593 612
path_40  0 40 279 77 57 552 557 600 13 460 378 442 73 255 22 454 209 565 455 490 188 213 264 321 465 473 41 168 8 131 54 582 84 21 174 16 319 276 612
path_41  0 40 521 578 503 92 69 294 136 80 91 108 74 15 155 61 33 193 581 27 278 142 338 250 369 11 194 122 328 23 430 251 44 469 225 181 405 195 14 39 261 18 46 370 530 518 116 612
path_42  0 40 521 578 503 92 69 294 136 80 91 108 74 15 155 61 33 193 581 27 278 142 338 250 369 11 194 122 328 23 430 251 44 469 225 181 405 195 14 39 261 18 254 560 302 501 410 612
path_43  0 40 279 77 57 552 557 600 13 460 378 442 73 255 22 454 209 565 455 490 188 213 264 321 465 473 41 168 8 131 54 582 84 21 174 16 319 304 612
path_44  0 40 521 578 503 92 69 294 136 80 91 108 74 15 155 61 33 193 581 27 278 142 338 250 369 11 194 122 328 23 430 251 44 469 225 181 405 195 14 39 261 18 254 560 302 501 410 341 373 612
path_45  0 40 521 578 503 92 69 294 136 80 91 108 74 15 155 61 33 193 581 27 278 142 338 250 369 11 194 122 328 23 430 251 44 469 225 181 161 570 422 612
path_46  0 40 521 578 503 92 69 294 136 80 91 108 74 15 155 61 33 193 581 27 278 142 338 250 369 11 194 122 328 23 430 251 44 469 225 181 405 195 14 39 83 156 528 612
path_47  0 40 279 77 57 552 557 600 13 460 378 442 73 255 22 454 209 565 455 490 188 213 264 321 465 473 41 168 8 131 54 582 84 21 174 16 319 304 444 612
path_48  0 40 521 578 503 92 69 294 136 80 91 108 74 15 155 61 33 193 581 27 278 142 338 250 369 11 194 122 328 23 430 251 44 469 225 181 405 195 14 39 261 18 46 370 530 518 116 240 612
path_49  0 40 521 578 503 92 69 294 136 80 91 108 74 15 155 61 33 193 581 27 278 142 338 250 369 11 194 122 328 23 430 251 44 469 225 181 161 570 115 508 612
path_50  0 40 521 578 503 92 69 294 136 80 91 108 74 15 155 61 33 193 581 27 278 142 338 250 369 11 194 122 328 23 430 251 44 469 225 181 405 195 14 39 83 230 204 494 612
path_51  0 40 521 578 503 92 69 294 136 80 91 108 74 15 155 61 33 193 581 27 278 142 338 250 369 11 194 122 328 23 430 251 44 469 225 181 161 570 115 604 612
path_52  0 40 521 578 503 92 69 294 136 80 91 108 74 15 155 61 33 193 581 27 278 142 338 250 369 11 194 122 328 23 430 251 44 469 225 181 405 195 14 39 261 18 254 497 305 437 612
path_53  0 40 521 578 503 92 69 294 136 80 91 108 74 15 155 61 33 193 581 27 278 142 338 250 369 11 194 122 328 23 430 251 44 469 225 181 161 570 422 105 612
path_54  0 40 521 578 503 92 69 294 136 80 91 108 74 15 155 61 33 193 581 27 278 142 338 250 369 11 194 122 328 23 430 251 44 469 225 181 405 195 14 39 261 18 254 497 305 437 464 612
