path_0  0 40 279 77 162 344 165 55 571 124 42 496 215 440 244 466 45 2 453 306 461 27 193 581 33 89 11 194 288 99 122 584 113 53 3 612
path_1  0 40 279 77 162 344 165 55 571 124 42 496 215 440 244 466 45 2 453 306 461 27 193 581 33 89 11 194 288 99 122 584 113 53 3 485 612
path_2  0 40 279 77 162 344 165 55 571 124 42 496 215 440 244 466 45 2 453 306 461 27 193 581 33 89 11 194 288 99 122 584 113 53 3 485 248 612
path_3  0 40 279 77 162 344 165 55 571 124 42 496 215 440 244 466 45 2 453 306 461 27 193 581 33 89 11 194 288 99 122 584 113 53 3 485 248 594 612
path_4  0 40 279 77 162 344 165 55 571 124 42 496 215 440 244 466 45 2 453 306 461 27 193 581 33 89 11 194 288 99 122 584 113 53 3 485 248 67 612
path_5  0 40 279 77 162 344 165 55 571 124 42 496 215 440 244 466 45 2 453 306 461 27 193 581 33 89 11 194 288 99 122 584 113 53 3 485 248 67 397 612
path_6  0 40 279 77 162 344 165 55 571 124 42 496 215 440 244 466 45 2 453 306 461 27 193 581 33 89 11 194 288 99 122 584 113 53 3 485 248 67 397 277 612
path_7  0 40 279 77 162 344 165 55 571 124 42 496 215 440 244 466 45 2 453 306 461 27 193 581 33 89 11 194 288 99 122 584 113 53 3 485 248 67 397 277 12 612
path_8  0 40 279 77 162 344 165 55 571 124 42 496 215 440 244 466 45 2 453 306 461 27 193 581 33 89 11 194 288 23 430 251 44 458 601 225 181 405 195 612
path_9  0 40 279 77 162 344 165 55 571 124 42 496 215 440 244 466 45 2 453 306 461 27 193 581 33 89 11 194 288 23 430 251 44 458 601 225 181 405 195 14 612
path_10  0 40 279 77 162 344 165 55 571 124 42 496 192 70 507 588 595 24 191 322 30 150 353 317 585 149 307 16 266 612
path_11  0 40 279 77 162 344 165 55 571 124 42 496 215 440 244 466 45 2 453 306 461 27 193 581 33 89 11 194 288 99 122 584 113 53 3 485 248 67 397 277 12 436 612
path_12  0 40 279 77 162 344 165 55 571 124 42 496 192 70 507 588 595 24 191 322 30 150 353 317 585 149 307 16 319 304 612
path_13  0 40 279 77 162 344 165 55 571 124 42 496 192 70 507 588 595 24 191 322 30 150 353 317 585 149 307 16 319 276 612
path_14  0 40 279 77 162 344 165 55 571 124 42 496 215 440 244 466 45 2 453 306 461 27 193 581 33 89 11 194 288 23 430 251 44 458 601 225 181 405 195 14 39 261 612
path_15  0 40 279 77 162 344 165 55 571 124 42 496 215 440 244 466 45 2 453 306 461 27 193 581 33 89 11 194 288 23 430 251 44 458 601 225 181 405 195 14 39 83 612
path_16  0 40 279 77 162 344 165 55 571 124 42 496 215 440 244 466 45 2 453 306 461 27 193 581 33 89 11 194 288 23 430 251 44 458 601 225 181 405 195 14 39 83 156 612
path_17  0 40 279 77 162 344 165 55 571 124 42 496 215 440 244 466 45 2 453 306 461 27 193 581 33 89 11 194 288 23 430 251 44 458 601 225 181 405 195 14 39 83 156 528 612
path_18  0 40 279 77 162 344 165 55 571 124 42 496 192 70 507 588 595 24 191 322 30 150 353 317 585 149 307 16 319 276 323 612
path_19  0 40 279 77 162 344 165 55 571 124 42 496 215 440 244 466 45 2 453 306 461 27 193 581 33 89 11 194 288 99 122 584 113 53 3 485 248 67 397 425 612
path_20  0 40 279 77 162 344 165 55 571 124 42 496 215 440 244 466 45 2 453 306 461 27 193 581 33 89 11 194 288 99 122 584 113 53 3 485 248 67 397 425 583 612
path_21  0 40 279 77 162 344 165 55 571 124 42 496 215 440 244 466 45 2 453 306 461 27 193 581 33 89 11 194 288 23 430 251 44 458 601 225 181 405 195 14 39 83 230 612
path_22  0 40 279 77 162 344 165 55 571 124 42 496 215 440 244 466 45 2 453 306 461 27 193 581 33 89 11 194 288 99 122 584 113 53 3 286 406 341 373 612
path_23  0 40 279 77 162 344 165 55 571 124 42 496 192 70 507 588 595 24 191 322 30 150 353 317 585 149 307 16 266 593 612
path_24  0 40 279 77 162 344 165 55 571 124 42 496 215 440 244 466 45 2 453 306 461 27 193 581 33 89 11 194 288 99 122 584 113 53 3 485 248 67 397 425 583 555 612
path_25  0 40 279 77 162 344 165 55 571 124 42 496 215 440 244 466 45 2 453 306 461 27 193 581 33 89 11 194 288 23 430 251 44 458 601 225 181 405 195 14 39 83 156 494 612
path_26  0 40 279 77 162 344 165 55 571 124 42 496 215 440 244 466 45 2 453 306 461 27 193 581 33 89 11 194 288 23 430 251 44 458 601 225 181 405 195 14 39 83 230 204 612
path_27  0 40 279 77 162 344 165 55 571 124 42 496 192 70 507 588 595 24 191 322 30 150 353 317 585 149 307 16 319 304 116 612
path_28  0 40 279 77 162 344 165 55 571 124 42 496 192 70 507 588 595 24 191 322 30 150 353 317 585 149 307 16 319 304 116 518 612
path_29  0 40 279 77 162 344 165 55 571 124 42 496 215 440 244 466 45 2 453 306 461 27 193 581 33 89 11 194 288 99 122 584 113 53 3 286 406 341 373 497 612
path_30  0 40 279 77 162 344 165 55 571 124 42 496 215 440 244 466 45 2 453 306 461 27 193 581 33 89 11 194 288 99 122 584 113 53 3 286 406 341 373 497 302 612
path_31  0 40 279 77 162 344 165 55 571 124 42 496 215 440 244 466 45 2 453 306 461 27 193 581 33 89 11 194 288 23 430 251 44 458 601 225 181 405 195 14 39 83 230 105 508 115 612
path_32  0 40 279 77 162 344 165 55 571 124 42 496 215 440 244 466 45 2 453 306 461 27 193 581 33 89 11 194 288 99 122 584 113 53 3 286 406 341 373 497 302 501 612
path_33  0 40 279 77 162 344 165 55 571 124 42 496 215 440 244 466 45 2 453 306 461 27 193 581 33 89 11 194 288 23 430 251 44 458 601 225 181 405 195 14 39 83 230 105 508 115 570 422 612
path_34  0 40 279 77 162 344 165 55 571 124 42 496 192 70 507 588 595 24 191 322 30 150 353 317 585 149 307 16 319 304 116 421 612
path_35  0 40 279 77 162 344 165 55 571 124 42 496 192 70 507 588 595 24 191 322 30 150 353 317 585 149 307 16 319 304 116 518 530 612
path_36  0 40 279 77 162 344 165 55 571 124 42 496 215 440 244 466 45 2 453 306 461 27 193 581 33 89 11 194 288 99 122 584 113 53 3 485 248 67 397 425 583 555 388 612
path_37  0 40 279 77 162 344 165 55 571 124 42 496 215 440 244 466 45 2 453 306 461 27 193 581 33 89 11 194 288 23 430 251 44 458 601 225 181 405 195 14 39 83 230 105 508 115 604 612
path_38  0 40 279 77 162 344 165 55 571 124 42 496 215 440 244 466 45 2 453 306 461 27 193 581 33 89 11 194 288 99 122 584 113 53 3 485 248 67 397 277 12 436 370 612
path_39  0 40 279 77 162 344 165 55 571 124 42 496 215 440 244 466 45 2 453 306 461 27 193 581 33 89 11 194 288 99 122 584 113 53 3 485 248 67 397 277 12 436 370 381 612
path_40  0 40 279 77 162 344 165 55 571 124 42 496 215 440 244 466 45 2 453 306 461 27 193 581 33 89 11 194 288 99 122 584 113 53 3 286 406 341 373 497 302 501 46 612
path_41  0 40 279 77 162 344 165 55 571 124 42 496 215 440 244 466 45 2 453 306 461 27 193 581 33 89 11 194 288 99 122 584 113 53 3 286 406 341 373 497 302 501 46 368 612
path_42  0 40 279 77 162 344 165 55 571 124 42 496 215 440 244 466 45 2 453 306 461 27 193 581 33 89 11 194 288 99 122 584 113 53 3 286 406 341 373 497 302 501 46 410 612
path_43  0 40 279 77 162 344 165 55 571 124 42 496 192 70 507 588 595 24 191 322 30 150 353 317 585 149 307 16 319 304 116 421 364 612
path_44  0 40 279 77 162 344 165 55 571 124 42 496 215 440 244 466 45 2 453 306 461 27 193 581 33 89 11 194 288 99 122 584 113 53 3 286 406 341 373 497 560 612
path_45  0 40 279 77 162 344 165 55 571 124 42 496 215 440 244 466 45 2 453 306 461 27 193 581 33 89 11 194 288 23 430 251 44 458 601 225 181 405 195 14 39 83 230 105 464 612
path_46  0 40 279 77 162 344 165 55 571 124 42 496 215 440 244 466 45 2 453 306 461 27 193 581 33 89 11 194 288 23 430 251 44 458 601 225 181 405 195 14 39 261 18 612
path_47  0 40 279 77 162 344 165 55 571 124 42 496 215 440 244 466 45 2 453 306 461 27 193 581 33 89 11 194 288 99 122 584 113 53 3 286 406 341 373 497 560 254 612
path_48  0 40 279 77 162 344 165 55 571 124 42 496 215 440 244 466 45 2 453 306 461 27 193 581 33 89 11 194 288 23 430 251 44 458 601 225 181 405 195 14 39 83 230 105 508 115 570 350 609 612
path_49  0 40 279 77 162 344 165 55 571 124 42 496 215 440 244 466 45 2 453 306 461 27 193 581 33 89 11 194 288 99 122 584 113 53 3 286 406 341 373 497 560 254 305 612
path_50  0 40 279 77 162 344 165 55 571 124 42 496 215 440 244 466 45 2 453 306 461 27 193 581 33 89 11 194 288 23 430 251 44 458 601 225 181 405 195 14 39 83 156 494 437 612
path_51  0 40 279 77 162 344 165 55 571 124 42 496 215 440 244 466 45 2 453 306 461 27 193 581 33 89 11 194 288 23 430 251 44 458 601 225 181 405 195 14 39 83 230 105 464 517 612
