path_0  0 40 279 393 431 69 509 569 76 9 123 28 151 159 91 75 607 56 61 89 278 540 142 338 250 369 11 99 265 118 328 122 584 113 406 3 612
path_1  0 40 279 393 431 69 509 569 76 9 123 28 151 159 91 75 607 56 61 89 278 540 142 338 250 369 11 99 265 118 328 122 584 113 406 3 485 612
path_2  0 40 279 393 431 69 509 569 76 9 123 28 151 159 91 75 607 56 61 89 278 540 142 338 250 369 11 99 265 118 328 122 584 113 406 3 485 248 612
path_3  0 40 279 393 431 69 509 569 76 9 123 28 151 159 91 75 607 56 61 89 278 540 142 338 250 369 11 99 265 118 328 122 584 113 406 3 485 248 67 612
path_4  0 40 279 393 431 69 509 569 76 9 123 28 151 159 91 75 607 56 61 89 278 540 142 338 250 369 11 99 265 118 328 122 584 113 406 3 485 248 594 612
path_5  0 40 279 393 431 69 509 569 76 9 123 28 151 159 91 75 607 56 61 89 278 540 142 338 250 369 11 99 265 118 328 122 584 113 406 3 485 248 594 277 612
path_6  0 40 279 393 431 69 509 569 76 9 123 28 151 159 91 75 607 56 61 89 278 540 142 338 250 369 11 99 265 118 328 122 584 113 406 3 485 248 594 277 425 436 370 612
path_7  0 40 279 393 431 69 509 569 76 9 123 28 151 159 91 75 607 56 61 89 278 540 142 338 206 198 476 556 424 520 101 481 483 612
path_8  0 40 279 393 431 69 509 569 76 9 123 28 151 159 91 75 607 56 61 89 278 540 142 338 250 369 11 99 265 118 328 122 584 113 406 3 485 248 67 397 612
path_9  0 40 279 393 431 69 509 569 76 9 123 28 151 159 91 75 607 56 61 89 278 540 142 338 250 369 11 99 265 118 328 122 584 113 406 3 485 248 594 277 425 436 370 530 612
path_10  0 40 279 393 431 69 509 569 76 9 123 28 151 159 91 75 607 56 61 89 278 540 142 338 206 198 476 556 424 520 101 182 266 612
path_11  0 40 279 393 431 69 509 569 76 9 123 28 151 159 91 75 607 56 61 89 278 540 142 338 250 369 11 99 265 118 328 122 584 113 406 3 485 248 67 397 583 612
path_12  0 40 279 393 431 69 509 569 76 9 123 28 151 159 91 75 607 56 61 89 278 540 142 338 250 369 11 99 265 118 328 122 584 113 406 3 485 248 594 277 425 436 12 612
path_13  0 40 279 393 431 69 509 569 76 9 123 28 151 159 91 75 607 56 61 89 278 540 142 338 250 369 11 99 265 118 328 122 584 113 406 3 485 248 594 277 425 436 370 530 518 612
path_14  0 40 279 393 431 69 509 569 76 9 123 28 151 159 91 75 607 56 61 89 278 540 142 338 206 198 476 556 424 520 101 182 266 593 612
path_15  0 40 279 393 431 69 509 569 76 9 123 28 151 159 91 75 607 56 61 89 278 540 142 338 206 198 476 556 424 520 101 182 266 593 304 612
path_16  0 40 279 393 431 69 509 569 76 9 123 28 151 159 91 75 607 56 61 89 278 540 142 338 250 369 11 99 265 118 328 122 584 113 406 3 485 248 594 277 425 436 370 530 518 46 612
path_17  0 40 279 393 431 69 509 569 76 9 123 28 151 159 91 75 607 56 61 89 278 540 142 338 250 369 11 99 265 118 328 245 225 181 195 14 39 261 612
path_18  0 40 279 393 431 69 509 569 76 9 123 28 151 159 91 75 607 56 61 89 278 540 142 338 250 369 11 99 265 118 328 245 225 181 195 14 39 83 612
path_19  0 40 279 393 431 69 509 569 76 9 123 28 151 159 91 75 607 56 61 89 278 540 142 338 250 369 11 99 265 118 328 245 225 181 195 14 39 83 230 612
path_20  0 40 279 393 431 69 509 569 76 9 123 28 151 159 91 75 607 56 61 89 278 540 142 338 206 198 476 556 424 520 101 182 266 593 304 276 612
path_21  0 40 279 393 431 69 509 569 76 9 123 28 151 159 91 75 607 56 61 89 278 540 142 338 206 198 476 556 424 520 101 182 16 85 382 319 612
path_22  0 40 279 393 431 69 509 569 76 9 123 28 151 159 91 75 607 56 61 89 278 540 142 338 250 369 11 99 265 118 328 122 584 113 406 3 485 248 594 277 425 436 370 530 518 46 410 612
path_23  0 40 279 393 431 69 509 569 76 9 123 28 151 159 91 75 607 56 61 89 278 540 142 338 206 198 476 556 424 520 101 182 266 593 304 276 323 612
path_24  0 40 279 393 431 69 509 569 76 9 123 28 151 159 91 75 607 56 61 89 278 540 142 338 206 198 476 556 424 520 101 182 266 593 304 116 612
path_25  0 40 279 393 431 69 509 569 76 9 123 28 151 159 91 75 607 56 61 89 278 540 142 338 250 369 11 99 265 118 328 122 584 113 406 3 485 248 67 397 583 555 612
path_26  0 40 279 393 431 69 509 569 76 9 123 28 151 159 91 75 607 56 61 89 278 540 142 338 250 369 11 99 265 118 328 122 584 113 406 3 485 248 594 277 425 436 370 530 518 46 501 612
path_27  0 40 279 393 431 69 509 569 76 9 123 28 151 159 91 75 607 56 61 89 278 540 142 338 250 369 11 99 265 118 328 245 225 161 226 269 301 43 383 435 574 229 295 350 609 612
path_28  0 40 279 393 431 69 509 569 76 9 123 28 151 159 91 75 607 56 61 89 278 540 142 338 250 369 11 99 265 118 328 122 584 113 406 3 485 248 67 397 583 141 388 612
path_29  0 40 279 393 431 69 509 569 76 9 123 28 151 159 91 75 607 56 61 89 278 540 142 338 250 369 11 99 265 118 328 245 225 161 226 269 301 43 383 435 574 229 295 350 609 115 612
path_30  0 40 279 393 431 69 509 569 76 9 123 28 151 159 91 75 607 56 61 89 278 540 142 338 250 369 11 99 265 118 328 245 225 181 195 14 39 83 156 612
path_31  0 40 279 393 431 69 509 569 76 9 123 28 151 159 91 75 607 56 61 89 278 540 142 338 250 369 11 99 265 118 328 122 584 113 406 3 485 248 594 277 425 436 370 530 518 46 410 368 612
path_32  0 40 279 393 431 69 509 569 76 9 123 28 151 159 91 75 607 56 61 89 278 540 142 338 250 369 11 99 265 118 328 122 584 113 406 3 485 248 594 277 425 436 370 381 612
path_33  0 40 279 393 431 69 509 569 76 9 123 28 151 159 91 75 607 56 61 89 278 540 142 338 250 369 11 99 265 118 328 245 225 181 195 14 39 83 156 528 612
path_34  0 40 279 393 431 69 509 569 76 9 123 28 151 159 91 75 607 56 61 89 278 540 142 338 250 369 11 99 265 118 328 122 584 113 406 3 485 248 594 277 425 436 370 381 402 612
path_35  0 40 279 393 431 69 509 569 76 9 123 28 151 159 91 75 607 56 61 89 278 540 142 338 250 369 11 99 265 118 328 245 225 161 226 269 301 43 383 435 574 229 295 350 609 115 570 422 612
path_36  0 40 279 393 431 69 509 569 76 9 123 28 151 159 91 75 607 56 61 89 278 540 142 338 250 369 11 99 265 118 328 245 225 161 226 269 301 43 383 435 574 229 295 350 609 115 604 612
path_37  0 40 279 393 431 69 509 569 76 9 123 28 151 159 91 75 607 56 61 89 278 540 142 338 250 369 11 99 265 118 328 245 225 181 195 14 39 83 230 204 612
path_38  0 40 279 393 431 69 509 569 76 9 123 28 151 159 91 75 607 56 61 89 278 540 142 338 206 198 476 556 424 520 101 182 16 85 382 443 444 612
path_39  0 40 279 393 431 69 509 569 76 9 123 28 151 159 91 75 607 56 61 89 278 540 142 338 250 369 11 99 265 118 328 245 225 161 226 269 301 43 383 435 574 229 295 350 609 115 570 422 508 612
path_40  0 40 279 393 431 69 509 569 76 9 123 28 151 159 91 75 607 56 61 89 278 540 142 338 250 369 11 99 265 118 328 122 584 113 406 3 485 248 594 277 425 436 370 530 518 46 410 302 612
path_41  0 40 279 393 431 69 509 569 76 9 123 28 151 159 91 75 607 56 61 89 278 540 142 338 206 198 476 556 424 520 101 182 266 593 304 116 421 612
path_42  0 40 279 393 431 69 509 569 76 9 123 28 151 159 91 75 607 56 61 89 278 540 142 338 250 369 11 99 265 118 328 245 225 161 226 269 301 43 383 435 574 229 295 350 609 105 612
path_43  0 40 279 393 431 69 509 569 76 9 123 28 151 159 91 75 607 56 61 89 278 540 142 338 250 369 11 99 265 118 328 245 225 161 226 269 301 43 383 435 574 229 295 350 609 105 464 612
path_44  0 40 279 393 431 69 509 569 76 9 123 28 151 159 91 75 607 56 61 89 278 540 142 338 250 369 11 99 265 118 328 245 225 181 195 14 39 83 156 494 612
path_45  0 40 279 393 431 69 509 569 76 9 123 28 151 159 91 75 607 56 61 89 278 540 142 338 250 369 11 99 265 118 328 245 225 181 195 14 39 83 156 528 437 612
path_46  0 40 279 393 431 69 509 569 76 9 123 28 151 159 91 75 607 56 61 89 278 540 142 338 250 369 11 99 265 118 328 245 225 161 226 269 301 43 383 435 574 229 295 350 609 105 464 305 612
path_47  0 40 279 393 431 69 509 569 76 9 123 28 151 159 91 75 607 56 61 89 278 540 142 338 250 369 11 99 265 118 328 245 225 161 226 269 301 43 383 435 574 229 295 350 609 105 464 305 497 612
path_48  0 40 279 393 431 69 509 569 76 9 123 28 151 159 91 75 607 56 61 89 278 540 142 338 250 369 11 99 265 118 328 245 225 161 226 269 301 43 383 435 574 229 295 350 609 105 464 305 560 612
path_49  0 40 279 393 431 69 509 569 76 9 123 28 151 159 91 75 607 56 61 89 278 540 142 338 206 198 476 556 424 520 101 182 266 593 304 116 421 364 612
path_50  0 40 279 393 431 69 509 569 76 9 123 28 151 159 91 75 607 56 61 89 278 540 142 338 250 369 11 99 265 118 328 245 225 181 195 14 39 83 156 528 437 254 612
path_51  0 40 279 393 431 69 509 569 76 9 123 28 151 159 91 75 607 56 61 89 278 540 142 338 250 369 11 99 265 118 328 245 225 181 195 14 39 261 18 612
path_52  0 40 279 393 431 69 509 569 76 9 123 28 151 159 91 75 607 56 61 89 278 540 142 338 206 198 476 556 424 520 101 182 16 85 382 443 444 240 612
